Beryllium            Num_atom =            1 Num_energy =           30
     Atomic number        Fraction by weight
                 4                  1.000000
 Edge       Energy       Total Photoelectric     Coherent   Incoherent Pair_Product
               MeV       cm^2/g       cm^2/g       cm^2/g       cm^2/g       cm^2/g
      1.000000E-02 6.475205E-01 4.225756E-01 9.837018E-02 1.265747E-01 0.000000E+00
      1.500000E-02 3.073292E-01 1.100128E-01 5.637947E-02 1.409370E-01 0.000000E+00
      2.000000E-02 2.256718E-01 4.202583E-02 3.576320E-02 1.478828E-01 0.000000E+00
      3.000000E-02 1.792582E-01 1.075831E-02 1.785775E-02 1.506421E-01 0.000000E+00
      4.000000E-02 1.640163E-01 4.081001E-03 1.064081E-02 1.492945E-01 0.000000E+00
      5.000000E-02 1.554406E-01 1.921435E-03 7.021925E-03 1.464972E-01 0.000000E+00
      6.000000E-02 1.491796E-01 1.038322E-03 4.968712E-03 1.431725E-01 0.000000E+00
      7.000000E-02 1.441571E-01 6.170757E-04 3.693152E-03 1.398469E-01 0.000000E+00
      8.000000E-02 1.400056E-01 3.935822E-04 2.849772E-03 1.367623E-01 0.000000E+00
      1.000000E-01 1.327664E-01 1.858071E-04 1.842865E-03 1.307377E-01 0.000000E+00
      1.500000E-01 1.189265E-01 4.818681E-05 8.271869E-04 1.180511E-01 0.000000E+00
      2.000000E-01 1.088732E-01 1.882274E-05 4.664941E-04 1.083879E-01 0.000000E+00
      3.000000E-01 9.451752E-02 5.237531E-06 2.080545E-04 9.430423E-02 0.000000E+00
      4.000000E-01 8.469376E-02 2.224458E-06 1.170887E-04 8.457445E-02 0.000000E+00
      5.000000E-01 7.732369E-02 1.194551E-06 7.496556E-05 7.724753E-02 0.000000E+00
      6.000000E-01 7.148865E-02 7.417993E-07 5.207577E-05 7.143583E-02 0.000000E+00
      7.000000E-01 6.673836E-02 5.085008E-07 3.826991E-05 6.669958E-02 0.000000E+00
      8.000000E-01 6.280636E-02 3.736458E-07 2.930714E-05 6.277668E-02 0.000000E+00
      1.000000E+00 5.645838E-02 2.323479E-07 1.876045E-05 5.643939E-02 0.000000E+00
      1.250000E+00 5.047446E-02 1.469592E-07 1.200719E-05 5.045389E-02 8.419601E-06
      1.500000E+00 4.588229E-02 1.039119E-07 8.338617E-06 4.582678E-02 4.706290E-05
      2.000000E+00 3.930662E-02 6.580174E-08 4.690727E-06 3.911356E-02 1.883051E-04
      3.000000E+00 3.129650E-02 3.710693E-08 2.084889E-06 3.074354E-02 5.508424E-04
      4.000000E+00 2.657179E-02 2.559966E-08 1.172757E-06 2.564918E-02 9.214118E-04
      5.000000E+00 2.341334E-02 1.949804E-08 7.505679E-07 2.214676E-02 1.265814E-03
      6.000000E+00 2.114715E-02 1.571738E-08 5.212297E-07 1.956380E-02 1.582818E-03
      7.000000E+00 1.944884E-02 1.315937E-08 3.829455E-07 1.757749E-02 1.870956E-03
      8.000000E+00 1.813858E-02 1.130861E-08 2.931934E-07 1.600391E-02 2.134369E-03
      9.000000E+00 1.707829E-02 9.908572E-09 2.316591E-07 1.470218E-02 2.375864E-03
      1.000000E+01 1.622591E-02 8.819911E-09 1.876439E-07 1.362773E-02 2.597982E-03
Boron                Num_atom =            1 Num_energy =           30
     Atomic number        Fraction by weight
                 5                  1.000000
 Edge       Energy       Total Photoelectric     Coherent   Incoherent Pair_Product
               MeV       cm^2/g       cm^2/g       cm^2/g       cm^2/g       cm^2/g
      1.000000E-02 1.255422E+00 1.003149E+00 1.239762E-01 1.282967E-01 0.000000E+00
      1.500000E-02 4.830690E-01 2.652176E-01 7.387140E-02 1.439800E-01 0.000000E+00
      2.000000E-02 3.017517E-01 1.024084E-01 4.787471E-02 1.514686E-01 0.000000E+00
      3.000000E-02 2.063333E-01 2.652935E-02 2.442275E-02 1.553812E-01 0.000000E+00
      4.000000E-02 1.793817E-01 1.012746E-02 1.472161E-02 1.545326E-01 0.000000E+00
      5.000000E-02 1.664936E-01 4.788571E-03 9.801215E-03 1.519039E-01 0.000000E+00
      6.000000E-02 1.581871E-01 2.596697E-03 6.976017E-03 1.486144E-01 0.000000E+00
      7.000000E-02 1.520267E-01 1.547760E-03 5.210127E-03 1.452688E-01 0.000000E+00
      8.000000E-02 1.471668E-01 9.895265E-04 4.033366E-03 1.421440E-01 0.000000E+00
      1.000000E-01 1.390581E-01 4.689204E-04 2.616434E-03 1.359727E-01 0.000000E+00
      1.500000E-01 1.241624E-01 1.224267E-04 1.180005E-03 1.228599E-01 0.000000E+00
      2.000000E-01 1.135550E-01 4.794597E-05 6.669301E-04 1.128402E-01 0.000000E+00
      3.000000E-01 9.849852E-02 1.339633E-05 2.977596E-04 9.818736E-02 0.000000E+00
      4.000000E-01 8.824399E-02 5.700508E-06 1.676200E-04 8.807067E-02 0.000000E+00
      5.000000E-01 8.055173E-02 3.064969E-06 1.073414E-04 8.044132E-02 0.000000E+00
      6.000000E-01 7.446974E-02 1.904155E-06 7.457942E-05 7.439326E-02 0.000000E+00
      7.000000E-01 6.951975E-02 1.305466E-06 5.481587E-05 6.946363E-02 0.000000E+00
      8.000000E-01 6.542298E-02 9.603740E-07 4.198354E-05 6.538003E-02 0.000000E+00
      1.000000E+00 5.880600E-02 5.969357E-07 2.687744E-05 5.877853E-02 0.000000E+00
      1.250000E+00 5.257424E-02 3.821181E-07 1.720266E-05 5.254562E-02 1.103490E-05
      1.500000E+00 4.780129E-02 2.693385E-07 1.194691E-05 4.772758E-02 6.149687E-05
      2.000000E+00 4.098894E-02 1.703029E-07 6.720692E-06 4.073651E-02 2.455419E-04
      3.000000E+00 3.273685E-02 9.582372E-08 2.987237E-06 3.201899E-02 7.147730E-04
      4.000000E+00 2.790411E-02 6.597359E-08 1.680336E-06 2.671344E-02 1.188923E-03
      5.000000E+00 2.469223E-02 5.021436E-08 1.075422E-06 2.306562E-02 1.625489E-03
      6.000000E+00 2.240328E-02 4.044238E-08 7.468253E-07 2.037538E-02 2.027113E-03
      7.000000E+00 2.069715E-02 3.382318E-08 5.486906E-07 1.830694E-02 2.389632E-03
      8.000000E+00 1.938950E-02 2.907629E-08 4.200930E-07 1.666837E-02 2.720679E-03
      9.000000E+00 1.833637E-02 2.546155E-08 3.319256E-07 1.531247E-02 3.023540E-03
      1.000000E+01 1.749454E-02 2.267117E-08 2.688598E-07 1.419330E-02 3.300945E-03
Carbon, Graphite     Num_atom =            1 Num_energy =           30
     Atomic number        Fraction by weight
                 6                  1.000000
 Edge       Energy       Total Photoelectric     Coherent   Incoherent Pair_Product
               MeV       cm^2/g       cm^2/g       cm^2/g       cm^2/g       cm^2/g
      1.000000E-02 2.375487E+00 2.075624E+00 1.643293E-01 1.355341E-01 0.000000E+00
      1.500000E-02 8.075061E-01 5.576628E-01 9.873420E-02 1.511091E-01 0.000000E+00
      2.000000E-02 4.425100E-01 2.173986E-01 6.514729E-02 1.599641E-01 0.000000E+00
      3.000000E-02 2.562637E-01 5.700429E-02 3.376116E-02 1.654982E-01 0.000000E+00
      4.000000E-02 2.077027E-01 2.190068E-02 2.048586E-02 1.653161E-01 0.000000E+00
      5.000000E-02 1.871054E-01 1.041414E-02 1.373164E-02 1.629596E-01 0.000000E+00
      6.000000E-02 1.752041E-01 5.669785E-03 9.821527E-03 1.597128E-01 0.000000E+00
      7.000000E-02 1.670371E-01 3.389303E-03 7.356467E-03 1.562913E-01 0.000000E+00
      8.000000E-02 1.609319E-01 2.170423E-03 5.709803E-03 1.530517E-01 0.000000E+00
      1.000000E-01 1.513160E-01 1.031955E-03 3.719451E-03 1.465646E-01 0.000000E+00
      1.500000E-01 1.345419E-01 2.704705E-04 1.684271E-03 1.325871E-01 0.000000E+00
      2.000000E-01 1.228973E-01 1.064155E-04 9.539081E-04 1.218369E-01 0.000000E+00
      3.000000E-01 1.065203E-01 2.982452E-05 4.263808E-04 1.060641E-01 0.000000E+00
      4.000000E-01 9.539805E-02 1.271498E-05 2.401221E-04 9.514521E-02 0.000000E+00
      5.000000E-01 8.707408E-02 6.843363E-06 1.538187E-04 8.691342E-02 0.000000E+00
      6.000000E-01 8.048971E-02 4.254854E-06 1.068984E-04 8.037855E-02 0.000000E+00
      7.000000E-01 7.513636E-02 2.918792E-06 7.858716E-05 7.505485E-02 0.000000E+00
      8.000000E-01 7.070801E-02 2.144605E-06 6.019100E-05 7.064567E-02 0.000000E+00
      1.000000E+00 6.355518E-02 1.334372E-06 3.852667E-05 6.351532E-02 0.000000E+00
      1.250000E+00 5.681812E-02 8.508528E-07 2.465990E-05 5.677822E-02 1.438972E-05
      1.500000E+00 5.167104E-02 6.061921E-07 1.712654E-05 5.157339E-02 7.992060E-05
      2.000000E+00 4.434852E-02 3.827549E-07 9.635105E-06 4.401982E-02 3.186796E-04
      3.000000E+00 3.552906E-02 2.148099E-07 4.282675E-06 3.459991E-02 9.246573E-04
      4.000000E+00 3.040055E-02 1.477661E-07 2.409043E-06 2.886684E-02 1.531151E-03
      5.000000E+00 2.701407E-02 1.123239E-07 1.541807E-06 2.492515E-02 2.087261E-03
      6.000000E+00 2.461584E-02 9.039422E-08 1.070710E-06 2.201826E-02 2.596417E-03
      7.000000E+00 2.283962E-02 7.560007E-08 7.866509E-07 1.978287E-02 3.055885E-03
      8.000000E+00 2.148631E-02 6.493838E-08 6.022804E-07 1.801195E-02 3.473688E-03
      9.000000E+00 2.040306E-02 5.687088E-08 4.758762E-07 1.654673E-02 3.855793E-03
      1.000000E+01 1.954328E-02 5.061751E-08 3.854599E-07 1.533734E-02 4.205508E-03
Nitrogen             Num_atom =            1 Num_energy =           30
     Atomic number        Fraction by weight
                 7                  1.000000
 Edge       Energy       Total Photoelectric     Coherent   Incoherent Pair_Product
               MeV       cm^2/g       cm^2/g       cm^2/g       cm^2/g       cm^2/g
      1.000000E-02 3.877007E+00 3.538270E+00 2.057415E-01 1.329953E-01 0.000000E+00
      1.500000E-02 1.236409E+00 9.663551E-01 1.214966E-01 1.485574E-01 0.000000E+00
      2.000000E-02 6.181785E-01 3.802588E-01 8.077467E-02 1.571450E-01 0.000000E+00
      3.000000E-02 3.066184E-01 1.008131E-01 4.228646E-02 1.635189E-01 0.000000E+00
      4.000000E-02 2.288019E-01 3.901103E-02 2.579228E-02 1.639986E-01 0.000000E+00
      5.000000E-02 1.979525E-01 1.864257E-02 1.733201E-02 1.619779E-01 0.000000E+00
      6.000000E-02 1.815821E-01 1.018013E-02 1.243013E-02 1.589718E-01 0.000000E+00
      7.000000E-02 1.711704E-01 6.101112E-03 9.342994E-03 1.557263E-01 0.000000E+00
      8.000000E-02 1.638038E-01 3.915667E-03 7.265968E-03 1.526222E-01 0.000000E+00
      1.000000E-01 1.528942E-01 1.866694E-03 4.746835E-03 1.462807E-01 0.000000E+00
      1.500000E-01 1.351107E-01 4.922372E-04 2.158165E-03 1.324603E-01 0.000000E+00
      2.000000E-01 1.231932E-01 1.942610E-04 1.224969E-03 1.217740E-01 0.000000E+00
      3.000000E-01 1.066518E-01 5.463643E-05 5.475250E-04 1.060496E-01 0.000000E+00
      4.000000E-01 9.547268E-02 2.335343E-05 3.087563E-04 9.514057E-02 0.000000E+00
      5.000000E-01 8.712173E-02 1.257447E-05 1.977386E-04 8.691141E-02 0.000000E+00
      6.000000E-01 8.053094E-02 7.823699E-06 1.373948E-04 8.038572E-02 0.000000E+00
      7.000000E-01 7.517009E-02 5.365536E-06 1.009907E-04 7.506373E-02 0.000000E+00
      8.000000E-01 7.073522E-02 3.949080E-06 7.735245E-05 7.065392E-02 0.000000E+00
      1.000000E+00 6.357658E-02 2.452663E-06 4.953927E-05 6.352459E-02 0.000000E+00
      1.250000E+00 5.684169E-02 1.570575E-06 3.171334E-05 5.679150E-02 1.690120E-05
      1.500000E+00 5.170183E-02 1.121738E-06 2.202449E-05 5.158508E-02 9.359935E-05
      2.000000E+00 4.441210E-02 7.067351E-07 1.238996E-05 4.402637E-02 3.726346E-04
      3.000000E+00 3.569079E-02 3.957181E-07 5.507396E-06 3.460691E-02 1.077979E-03
      4.000000E+00 3.065542E-02 2.718937E-07 3.098011E-06 2.887280E-02 1.779248E-03
      5.000000E+00 2.735212E-02 2.064679E-07 1.982743E-06 2.493028E-02 2.419653E-03
      6.000000E+00 2.502910E-02 1.660762E-07 1.376914E-06 2.202270E-02 3.004853E-03
      7.000000E+00 2.331928E-02 1.388051E-07 1.011616E-06 1.978702E-02 3.531107E-03
      8.000000E+00 2.202659E-02 1.192086E-07 7.745224E-07 1.801593E-02 4.009767E-03
      9.000000E+00 2.099777E-02 1.043343E-07 6.119709E-07 1.655025E-02 4.446807E-03
      1.000000E+01 2.018606E-02 9.281937E-08 4.956980E-07 1.534049E-02 4.844981E-03
Oxygen               Num_atom =            1 Num_energy =           30
     Atomic number        Fraction by weight
                 8                  1.000000
 Edge       Energy       Total Photoelectric     Coherent   Incoherent Pair_Product
               MeV       cm^2/g       cm^2/g       cm^2/g       cm^2/g       cm^2/g
      1.000000E-02 5.948552E+00 5.558131E+00 2.606491E-01 1.297715E-01 0.000000E+00
      1.500000E-02 1.835856E+00 1.540135E+00 1.500228E-01 1.456985E-01 0.000000E+00
      2.000000E-02 8.657095E-01 6.117316E-01 9.950578E-02 1.544721E-01 0.000000E+00
      3.000000E-02 3.781093E-01 1.640799E-01 5.247173E-02 1.615577E-01 0.000000E+00
      4.000000E-02 2.587138E-01 6.392230E-02 3.215308E-02 1.626384E-01 0.000000E+00
      5.000000E-02 2.133374E-01 3.065548E-02 2.164839E-02 1.610335E-01 0.000000E+00
      6.000000E-02 1.905917E-01 1.680217E-02 1.555367E-02 1.582358E-01 0.000000E+00
      7.000000E-02 1.769448E-01 1.010006E-02 1.170374E-02 1.551410E-01 0.000000E+00
      8.000000E-02 1.677673E-01 6.499063E-03 9.114287E-03 1.521539E-01 0.000000E+00
      1.000000E-01 1.550456E-01 3.110938E-03 5.970511E-03 1.459642E-01 0.000000E+00
      1.500000E-01 1.359186E-01 8.216989E-04 2.725071E-03 1.323718E-01 0.000000E+00
      2.000000E-01 1.236363E-01 3.252480E-04 1.549099E-03 1.217619E-01 0.000000E+00
      3.000000E-01 1.068772E-01 9.195213E-05 6.936113E-04 1.060916E-01 0.000000E+00
      4.000000E-01 9.560898E-02 3.938380E-05 3.910256E-04 9.517857E-02 0.000000E+00
      5.000000E-01 8.723978E-02 2.122407E-05 2.505543E-04 8.696800E-02 0.000000E+00
      6.000000E-01 8.063251E-02 1.321403E-05 1.741653E-04 8.044513E-02 0.000000E+00
      7.000000E-01 7.525979E-02 9.069220E-06 1.280634E-04 7.512266E-02 0.000000E+00
      8.000000E-01 7.081611E-02 6.669809E-06 9.809854E-05 7.071134E-02 0.000000E+00
      1.000000E+00 6.364470E-02 4.146801E-06 6.279410E-05 6.357776E-02 0.000000E+00
      1.250000E+00 5.690132E-02 2.658473E-06 4.019528E-05 5.683905E-02 1.941849E-05
      1.500000E+00 5.176526E-02 1.903195E-06 2.791740E-05 5.162817E-02 1.072741E-04
      2.000000E+00 4.451248E-02 1.197691E-06 1.570709E-05 4.406874E-02 4.268378E-04
      3.000000E+00 3.587844E-02 6.690158E-07 6.981942E-06 3.463873E-02 1.232063E-03
      4.000000E+00 3.093176E-02 4.592369E-07 3.927439E-06 2.889940E-02 2.027969E-03
      5.000000E+00 2.770900E-02 3.481132E-07 2.513608E-06 2.495330E-02 2.752840E-03
      6.000000E+00 2.545807E-02 2.799140E-07 1.745588E-06 2.204311E-02 3.412933E-03
      7.000000E+00 2.381316E-02 2.338256E-07 1.282490E-06 1.980532E-02 4.006328E-03
      8.000000E+00 2.257699E-02 2.005206E-07 9.819084E-07 1.803254E-02 4.543263E-03
      9.000000E+00 2.160324E-02 1.756779E-07 7.758297E-07 1.656564E-02 5.036649E-03
      1.000000E+01 2.083819E-02 1.561426E-07 6.284227E-07 1.535487E-02 5.482532E-03
Sodium               Num_atom =            1 Num_energy =           30
     Atomic number        Fraction by weight
                11                  1.000000
 Edge       Energy       Total Photoelectric     Coherent   Incoherent Pair_Product
               MeV       cm^2/g       cm^2/g       cm^2/g       cm^2/g       cm^2/g
      1.000000E-02 1.557054E+01 1.500548E+01 4.544643E-01 1.105974E-01 0.000000E+00
      1.500000E-02 4.694202E+00 4.312500E+00 2.515581E-01 1.301436E-01 0.000000E+00
      2.000000E-02 2.056931E+00 1.753432E+00 1.633148E-01 1.401841E-01 0.000000E+00
      3.000000E-02 7.201973E-01 4.849680E-01 8.647269E-02 1.487566E-01 0.000000E+00
      4.000000E-02 3.974575E-01 1.925434E-01 5.359435E-02 1.513197E-01 0.000000E+00
      5.000000E-02 2.807100E-01 9.363780E-02 3.625774E-02 1.508145E-01 0.000000E+00
      6.000000E-02 2.268830E-01 5.181227E-02 2.614211E-02 1.489286E-01 0.000000E+00
      7.000000E-02 1.975905E-01 3.138617E-02 1.969616E-02 1.465081E-01 0.000000E+00
      8.000000E-02 1.797582E-01 2.031484E-02 1.539135E-02 1.440520E-01 0.000000E+00
      1.000000E-01 1.585619E-01 9.819835E-03 1.013447E-02 1.386076E-01 0.000000E+00
      1.500000E-01 1.333815E-01 2.639274E-03 4.659390E-03 1.260829E-01 0.000000E+00
      2.000000E-01 1.198573E-01 1.052466E-03 2.659026E-03 1.161458E-01 0.000000E+00
      3.000000E-01 1.028046E-01 3.000419E-04 1.195408E-03 1.013092E-01 0.000000E+00
      4.000000E-01 9.174917E-02 1.292810E-04 6.755607E-04 9.094433E-02 0.000000E+00
      5.000000E-01 8.359179E-02 6.991602E-05 4.330123E-04 8.308886E-02 0.000000E+00
      6.000000E-01 7.722148E-02 4.359970E-05 3.010742E-04 7.687681E-02 0.000000E+00
      7.000000E-01 7.205275E-02 2.995424E-05 2.214282E-04 7.180137E-02 0.000000E+00
      8.000000E-01 6.778360E-02 2.203755E-05 1.696638E-04 6.759189E-02 0.000000E+00
      1.000000E+00 6.090228E-02 1.370167E-05 1.086129E-04 6.077997E-02 0.000000E+00
      1.250000E+00 5.444477E-02 8.819559E-06 6.953025E-05 5.434057E-02 2.585172E-05
      1.500000E+00 4.955631E-02 6.331560E-06 4.829510E-05 4.935958E-02 1.421072E-04
      2.000000E+00 4.272685E-02 3.966411E-06 2.717505E-05 4.213173E-02 5.639756E-04
      3.000000E+00 3.475219E-02 2.201964E-06 1.208095E-05 3.311818E-02 1.619729E-03
      4.000000E+00 3.029064E-02 1.505791E-06 6.795772E-06 2.763058E-02 2.651760E-03
      5.000000E+00 2.745048E-02 1.138602E-06 4.349412E-06 2.385863E-02 3.586366E-03
      6.000000E+00 2.551101E-02 9.137858E-07 3.020493E-06 2.107632E-02 4.430758E-03
      7.000000E+00 2.412831E-02 7.624366E-07 2.219179E-06 1.893673E-02 5.188602E-03
      8.000000E+00 2.312095E-02 6.532334E-07 1.699072E-06 1.724170E-02 5.876899E-03
      9.000000E+00 2.234129E-02 5.717986E-07 1.342479E-06 1.583912E-02 6.500258E-03
      1.000000E+01 2.175460E-02 5.076391E-07 1.087409E-06 1.468144E-02 7.071568E-03
Magnesium            Num_atom =            1 Num_energy =           30
     Atomic number        Fraction by weight
                12                  1.000000
 Edge       Energy       Total Photoelectric     Coherent   Incoherent Pair_Product
               MeV       cm^2/g       cm^2/g       cm^2/g       cm^2/g       cm^2/g
      1.000000E-02 2.104803E+01 2.040680E+01 5.299786E-01 1.112502E-01 0.000000E+00
      1.500000E-02 6.357803E+00 5.931164E+00 2.946867E-01 1.319529E-01 0.000000E+00
      2.000000E-02 2.762721E+00 2.429056E+00 1.909688E-01 1.426963E-01 0.000000E+00
      3.000000E-02 9.309016E-01 6.778087E-01 1.012514E-01 1.518416E-01 0.000000E+00
      4.000000E-02 4.886282E-01 2.707913E-01 6.301671E-02 1.548202E-01 0.000000E+00
      5.000000E-02 3.296046E-01 1.321739E-01 4.277135E-02 1.546593E-01 0.000000E+00
      6.000000E-02 2.570913E-01 7.331816E-02 3.089601E-02 1.528772E-01 0.000000E+00
      7.000000E-02 2.183532E-01 4.452660E-02 2.330331E-02 1.505233E-01 0.000000E+00
      8.000000E-02 1.952362E-01 2.890360E-02 1.822095E-02 1.481117E-01 0.000000E+00
      1.000000E-01 1.686508E-01 1.401093E-02 1.200921E-02 1.426307E-01 0.000000E+00
      1.500000E-01 1.392095E-01 3.780037E-03 5.537479E-03 1.298920E-01 0.000000E+00
      2.000000E-01 1.243995E-01 1.514859E-03 3.164913E-03 1.197197E-01 0.000000E+00
      3.000000E-01 1.063368E-01 4.332784E-04 1.424762E-03 1.044788E-01 0.000000E+00
      4.000000E-01 9.480792E-02 1.867251E-04 8.055228E-04 9.381567E-02 0.000000E+00
      5.000000E-01 8.635019E-02 1.012121E-04 5.164813E-04 8.573250E-02 0.000000E+00
      6.000000E-01 7.975978E-02 6.316758E-05 3.592056E-04 7.933741E-02 0.000000E+00
      7.000000E-01 7.441350E-02 4.337942E-05 2.642409E-04 7.410588E-02 0.000000E+00
      8.000000E-01 6.999885E-02 3.198526E-05 2.024136E-04 6.976445E-02 0.000000E+00
      1.000000E+00 6.288810E-02 1.984736E-05 1.295891E-04 6.273866E-02 0.000000E+00
      1.250000E+00 5.622439E-02 1.278296E-05 8.296536E-05 5.609928E-02 2.936113E-05
      1.500000E+00 5.118777E-02 9.177888E-06 5.763094E-05 5.096023E-02 1.607305E-04
      2.000000E+00 4.417610E-02 5.743480E-06 3.243170E-05 4.350140E-02 6.365294E-04
      3.000000E+00 3.603798E-02 3.183434E-06 1.441726E-05 3.419617E-02 1.824211E-03
      4.000000E+00 3.152660E-02 2.173875E-06 8.110100E-06 2.853370E-02 2.982620E-03
      5.000000E+00 2.867130E-02 1.642264E-06 5.190659E-06 2.463719E-02 4.027281E-03
      6.000000E+00 2.674331E-02 1.317203E-06 3.604734E-06 2.176434E-02 4.974048E-03
      7.000000E+00 2.538038E-02 1.098644E-06 2.648430E-06 1.955503E-02 5.821606E-03
      8.000000E+00 2.439597E-02 9.409600E-07 2.027709E-06 1.780471E-02 6.588290E-03
      9.000000E+00 2.364487E-02 8.233788E-07 1.602144E-06 1.635642E-02 7.286020E-03
      1.000000E+01 2.308508E-02 7.307055E-07 1.297739E-06 1.516100E-02 7.922054E-03
Aluminum             Num_atom =            1 Num_energy =           30
     Atomic number        Fraction by weight
                13                  1.000000
 Edge       Energy       Total Photoelectric     Coherent   Incoherent Pair_Product
               MeV       cm^2/g       cm^2/g       cm^2/g       cm^2/g       cm^2/g
      1.000000E-02 2.623581E+01 2.555424E+01 5.752334E-01 1.063412E-01 0.000000E+00
      1.500000E-02 7.956534E+00 7.507588E+00 3.222105E-01 1.267359E-01 0.000000E+00
      2.000000E-02 3.440879E+00 3.094856E+00 2.084569E-01 1.375665E-01 0.000000E+00
      3.000000E-02 1.128884E+00 8.714533E-01 1.106818E-01 1.467493E-01 0.000000E+00
      4.000000E-02 5.690718E-01 3.500784E-01 6.910058E-02 1.498927E-01 0.000000E+00
      5.000000E-02 3.686897E-01 1.716588E-01 4.705601E-02 1.499749E-01 0.000000E+00
      6.000000E-02 2.779394E-01 9.555386E-02 3.403790E-02 1.483477E-01 0.000000E+00
      7.000000E-02 2.300777E-01 5.815949E-02 2.570299E-02 1.462152E-01 0.000000E+00
      8.000000E-02 2.019344E-01 3.779495E-02 2.011330E-02 1.440261E-01 0.000000E+00
      1.000000E-01 1.704833E-01 1.839050E-02 1.326775E-02 1.388250E-01 0.000000E+00
      1.500000E-01 1.377335E-01 4.991820E-03 6.131212E-03 1.266105E-01 0.000000E+00
      2.000000E-01 1.222783E-01 2.001824E-03 3.508988E-03 1.167675E-01 0.000000E+00
      3.000000E-01 1.041092E-01 5.744611E-04 1.581717E-03 1.019530E-01 0.000000E+00
      4.000000E-01 9.270999E-02 2.482506E-04 8.945278E-04 9.156721E-02 0.000000E+00
      5.000000E-01 8.440612E-02 1.344791E-04 5.738214E-04 8.369782E-02 0.000000E+00
      6.000000E-01 7.791706E-02 8.403588E-05 3.992397E-04 7.743379E-02 0.000000E+00
      7.000000E-01 7.267452E-02 5.780262E-05 2.936404E-04 7.232308E-02 0.000000E+00
      8.000000E-01 6.835433E-02 4.251551E-05 2.248816E-04 6.808693E-02 0.000000E+00
      1.000000E+00 6.139947E-02 2.642550E-05 1.439918E-04 6.122905E-02 0.000000E+00
      1.250000E+00 5.488611E-02 1.703535E-05 9.219801E-05 5.474554E-02 3.133656E-05
      1.500000E+00 4.997788E-02 1.222643E-05 6.405096E-05 4.973081E-02 1.707887E-04
      2.000000E+00 4.316772E-02 7.638532E-06 3.605047E-05 4.244931E-02 6.747181E-04
      3.000000E+00 3.531970E-02 4.225563E-06 1.602448E-05 3.336938E-02 1.930067E-03
      4.000000E+00 3.100361E-02 2.883925E-06 9.014352E-06 2.784149E-02 3.150217E-03
      5.000000E+00 2.829679E-02 2.175841E-06 5.769475E-06 2.403995E-02 4.248894E-03
      6.000000E+00 2.648634E-02 1.744379E-06 4.006744E-06 2.123654E-02 5.244053E-03
      7.000000E+00 2.521933E-02 1.454507E-06 2.943757E-06 1.908073E-02 6.134199E-03
      8.000000E+00 2.431659E-02 1.245489E-06 2.253821E-06 1.737285E-02 6.940245E-03
      9.000000E+00 2.363325E-02 1.089178E-06 1.780802E-06 1.595962E-02 7.670762E-03
      1.000000E+01 2.313410E-02 9.667611E-07 1.442454E-06 1.479313E-02 8.338561E-03
Silicon              Num_atom =            1 Num_energy =           30
     Atomic number        Fraction by weight
                14                  1.000000
 Edge       Energy       Total Photoelectric     Coherent   Incoherent Pair_Product
               MeV       cm^2/g       cm^2/g       cm^2/g       cm^2/g       cm^2/g
      1.000000E-02 3.388305E+01 3.312182E+01 6.530129E-01 1.082143E-01 0.000000E+00
      1.500000E-02 1.033659E+01 9.837355E+00 3.700629E-01 1.291729E-01 0.000000E+00
      2.000000E-02 4.466877E+00 4.086918E+00 2.392438E-01 1.407145E-01 0.000000E+00
      3.000000E-02 1.436641E+00 1.159113E+00 1.270232E-01 1.505051E-01 0.000000E+00
      4.000000E-02 7.018472E-01 4.683825E-01 7.952291E-02 1.539417E-01 0.000000E+00
      5.000000E-02 4.390067E-01 2.304270E-01 5.434502E-02 1.542347E-01 0.000000E+00
      6.000000E-02 3.208664E-01 1.286941E-01 3.936573E-02 1.528066E-01 0.000000E+00
      7.000000E-02 2.589246E-01 7.844839E-02 2.977118E-02 1.507050E-01 0.000000E+00
      8.000000E-02 2.228810E-01 5.108965E-02 2.330367E-02 1.484876E-01 0.000000E+00
      1.000000E-01 1.836283E-01 2.495194E-02 1.538698E-02 1.432894E-01 0.000000E+00
      1.500000E-01 1.447172E-01 6.802800E-03 7.126587E-03 1.307878E-01 0.000000E+00
      2.000000E-01 1.274968E-01 2.739306E-03 4.084056E-03 1.206734E-01 0.000000E+00
      3.000000E-01 1.080325E-01 7.887554E-04 1.842931E-03 1.054008E-01 0.000000E+00
      4.000000E-01 9.606156E-02 3.410048E-04 1.043171E-03 9.467738E-02 0.000000E+00
      5.000000E-01 8.740046E-02 1.851438E-04 6.691737E-04 8.654614E-02 0.000000E+00
      6.000000E-01 8.065507E-02 1.156992E-04 4.655819E-04 8.007379E-02 0.000000E+00
      7.000000E-01 7.521196E-02 7.949495E-05 3.425978E-04 7.478987E-02 0.000000E+00
      8.000000E-01 7.073017E-02 5.868318E-05 2.623753E-04 7.040911E-02 0.000000E+00
      1.000000E+00 6.352525E-02 3.639559E-05 1.679993E-04 6.332086E-02 0.000000E+00
      1.250000E+00 5.678169E-02 2.344430E-05 1.075702E-04 5.661547E-02 3.520804E-05
      1.500000E+00 5.171215E-02 1.684466E-05 7.473024E-05 5.142938E-02 1.911998E-04
      2.000000E+00 4.470642E-02 1.051425E-05 4.206128E-05 4.390058E-02 7.532633E-04
      3.000000E+00 3.668675E-02 5.805152E-06 1.869794E-05 3.451063E-02 2.151612E-03
      4.000000E+00 3.231317E-02 3.955181E-06 1.051829E-05 2.879277E-02 3.505923E-03
      5.000000E+00 2.960005E-02 2.984907E-06 6.732049E-06 2.486244E-02 4.727890E-03
      6.000000E+00 2.779914E-02 2.390534E-06 4.675229E-06 2.196285E-02 5.829224E-03
      7.000000E+00 2.655332E-02 1.992276E-06 3.434926E-06 1.973323E-02 6.814663E-03
      8.000000E+00 2.567760E-02 1.704878E-06 2.629874E-06 1.796695E-02 7.706314E-03
      9.000000E+00 2.502567E-02 1.491202E-06 2.077932E-06 1.650549E-02 8.516614E-03
      1.000000E+01 2.455815E-02 1.323229E-06 1.683129E-06 1.529920E-02 9.255940E-03
Phosphorus           Num_atom =            1 Num_energy =           30
     Atomic number        Fraction by weight
                15                  1.000000
 Edge       Energy       Total Photoelectric     Coherent   Incoherent Pair_Product
               MeV       cm^2/g       cm^2/g       cm^2/g       cm^2/g       cm^2/g
      1.000000E-02 4.035180E+01 3.955831E+01 6.899722E-01 1.035189E-01 0.000000E+00
      1.500000E-02 1.239393E+01 1.187411E+01 3.962969E-01 1.235239E-01 0.000000E+00
      2.000000E-02 5.352945E+00 4.961325E+00 2.564513E-01 1.351684E-01 0.000000E+00
      3.000000E-02 1.700998E+00 1.419968E+00 1.360486E-01 1.449813E-01 0.000000E+00
      4.000000E-02 8.101076E-01 5.763802E-01 8.525241E-02 1.484750E-01 0.000000E+00
      5.000000E-02 4.921678E-01 2.847338E-01 5.846713E-02 1.489668E-01 0.000000E+00
      6.000000E-02 3.495880E-01 1.593894E-01 4.245109E-02 1.477475E-01 0.000000E+00
      7.000000E-02 2.755494E-01 9.756902E-02 3.214878E-02 1.458316E-01 0.000000E+00
      8.000000E-02 2.325476E-01 6.361033E-02 2.516095E-02 1.437763E-01 0.000000E+00
      1.000000E-01 1.865995E-01 3.111982E-02 1.663539E-02 1.388443E-01 0.000000E+00
      1.500000E-01 1.431344E-01 8.526327E-03 7.721480E-03 1.268866E-01 0.000000E+00
      2.000000E-01 1.250060E-01 3.443640E-03 4.430390E-03 1.171320E-01 0.000000E+00
      3.000000E-01 1.053442E-01 9.949659E-04 2.001017E-03 1.023482E-01 0.000000E+00
      4.000000E-01 9.351697E-02 4.311453E-04 1.133631E-03 9.195219E-02 0.000000E+00
      5.000000E-01 8.502631E-02 2.341332E-04 7.271331E-04 8.406504E-02 0.000000E+00
      6.000000E-01 7.843480E-02 1.463627E-04 5.058685E-04 7.778257E-02 0.000000E+00
      7.000000E-01 7.312559E-02 1.006728E-04 3.722278E-04 7.265269E-02 0.000000E+00
      8.000000E-01 6.875867E-02 7.425978E-05 2.852378E-04 6.839918E-02 0.000000E+00
      1.000000E+00 6.174355E-02 4.609873E-05 1.826327E-04 6.151482E-02 0.000000E+00
      1.250000E+00 5.518607E-02 2.971182E-05 1.169365E-04 5.500242E-02 3.699949E-05
      1.500000E+00 5.026847E-02 2.133545E-05 8.123512E-05 4.996583E-02 2.000656E-04
      2.000000E+00 4.349859E-02 1.330572E-05 4.572073E-05 4.265330E-02 7.862635E-04
      3.000000E+00 3.579834E-02 7.333952E-06 2.032771E-05 3.352883E-02 2.241847E-03
      4.000000E+00 3.163963E-02 4.993473E-06 1.143503E-05 2.797437E-02 3.648834E-03
      5.000000E+00 2.907922E-02 3.762732E-06 7.318767E-06 2.415450E-02 4.913642E-03
      6.000000E+00 2.740253E-02 3.013714E-06 5.082673E-06 2.133877E-02 6.055668E-03
      7.000000E+00 2.625385E-02 2.510558E-06 3.734330E-06 1.917259E-02 7.075011E-03
      8.000000E+00 2.546093E-02 2.146505E-06 2.859111E-06 1.745622E-02 7.999707E-03
      9.000000E+00 2.487913E-02 1.877784E-06 2.259057E-06 1.603633E-02 8.838660E-03
      1.000000E+01 2.446924E-02 1.666043E-06 1.829840E-06 1.486435E-02 9.601398E-03
Sulfur               Num_atom =            1 Num_energy =           30
     Atomic number        Fraction by weight
                16                  1.000000
 Edge       Energy       Total Photoelectric     Coherent   Incoherent Pair_Product
               MeV       cm^2/g       cm^2/g       cm^2/g       cm^2/g       cm^2/g
      1.000000E-02 5.014847E+01 4.927626E+01 7.666664E-01 1.055421E-01 0.000000E+00
      1.500000E-02 1.550720E+01 1.493369E+01 4.476431E-01 1.258598E-01 0.000000E+00
      2.000000E-02 6.708511E+00 6.280434E+00 2.902418E-01 1.378358E-01 0.000000E+00
      3.000000E-02 2.112794E+00 1.810974E+00 1.536552E-01 1.481652E-01 0.000000E+00
      4.000000E-02 9.877003E-01 7.391776E-01 9.650228E-02 1.520204E-01 0.000000E+00
      5.000000E-02 5.853493E-01 3.664259E-01 6.628418E-02 1.526392E-01 0.000000E+00
      6.000000E-02 4.056001E-01 2.059399E-01 4.822064E-02 1.514395E-01 0.000000E+00
      7.000000E-02 3.123174E-01 1.261381E-01 3.656312E-02 1.496162E-01 0.000000E+00
      8.000000E-02 2.588200E-01 8.248793E-02 2.866871E-02 1.476633E-01 0.000000E+00
      1.000000E-01 2.021320E-01 4.047131E-02 1.897088E-02 1.426898E-01 0.000000E+00
      1.500000E-01 1.504885E-01 1.113369E-02 8.809386E-03 1.305454E-01 0.000000E+00
      2.000000E-01 1.301367E-01 4.509826E-03 5.059792E-03 1.205671E-01 0.000000E+00
      3.000000E-01 1.089976E-01 1.307169E-03 2.289739E-03 1.054007E-01 0.000000E+00
      4.000000E-01 9.658049E-02 5.674470E-04 1.296552E-03 9.471649E-02 0.000000E+00
      5.000000E-01 8.774063E-02 3.084809E-04 8.330058E-04 8.659915E-02 0.000000E+00
      6.000000E-01 8.088518E-02 1.929448E-04 5.794873E-04 8.011275E-02 0.000000E+00
      7.000000E-01 7.539432E-02 1.327532E-04 4.260684E-04 7.483550E-02 0.000000E+00
      8.000000E-01 7.089029E-02 9.792661E-05 3.264227E-04 7.046594E-02 0.000000E+00
      1.000000E+00 6.364778E-02 6.079766E-05 2.091397E-04 6.337784E-02 0.000000E+00
      1.250000E+00 5.688552E-02 3.921759E-05 1.339962E-04 5.667121E-02 4.109371E-05
      1.500000E+00 5.182410E-02 2.817043E-05 9.309420E-05 5.148178E-02 2.210571E-04
      2.000000E+00 4.488483E-02 1.753001E-05 5.237604E-05 4.394835E-02 8.665738E-04
      3.000000E+00 3.704689E-02 9.648904E-06 2.328485E-05 3.454710E-02 2.466854E-03
      4.000000E+00 3.285231E-02 6.560518E-06 1.310037E-05 2.882402E-02 4.008627E-03
      5.000000E+00 3.029500E-02 4.942853E-06 8.384470E-06 2.488856E-02 5.393117E-03
      6.000000E+00 2.863920E-02 3.954782E-06 5.822630E-06 2.198708E-02 6.642343E-03
      7.000000E+00 2.752265E-02 3.293343E-06 4.277901E-06 1.975517E-02 7.759911E-03
      8.000000E+00 2.676190E-02 2.815379E-06 3.275302E-06 1.798677E-02 8.769036E-03
      9.000000E+00 2.621449E-02 2.462162E-06 2.587916E-06 1.652368E-02 9.685756E-03
      1.000000E+01 2.583978E-02 2.184016E-06 2.096229E-06 1.531604E-02 1.051946E-02
Argon                Num_atom =            1 Num_energy =           30
     Atomic number        Fraction by weight
                18                  1.000000
 Edge       Energy       Total Photoelectric     Coherent   Incoherent Pair_Product
               MeV       cm^2/g       cm^2/g       cm^2/g       cm^2/g       cm^2/g
      1.000000E-02 6.316003E+01 6.227443E+01 7.923153E-01 9.328911E-02 0.000000E+00
      1.500000E-02 1.984716E+01 1.925797E+01 4.782350E-01 1.109532E-01 0.000000E+00
      2.000000E-02 8.630918E+00 8.196390E+00 3.125979E-01 1.219297E-01 0.000000E+00
      3.000000E-02 2.697540E+00 2.400692E+00 1.650157E-01 1.318324E-01 0.000000E+00
      4.000000E-02 1.228507E+00 9.892949E-01 1.036074E-01 1.356046E-01 0.000000E+00
      5.000000E-02 7.016228E-01 4.938565E-01 7.139036E-02 1.363760E-01 0.000000E+00
      6.000000E-02 4.668251E-01 2.790643E-01 5.214531E-02 1.356155E-01 0.000000E+00
      7.000000E-02 3.453608E-01 1.715548E-01 3.967162E-02 1.341344E-01 0.000000E+00
      8.000000E-02 2.761352E-01 1.125282E-01 3.113641E-02 1.324706E-01 0.000000E+00
      1.000000E-01 2.044210E-01 5.554771E-02 2.064021E-02 1.282331E-01 0.000000E+00
      1.500000E-01 1.425833E-01 1.544552E-02 9.610750E-03 1.175271E-01 0.000000E+00
      2.000000E-01 1.204705E-01 6.279068E-03 5.529515E-03 1.086619E-01 0.000000E+00
      3.000000E-01 9.942432E-02 1.832301E-03 2.507234E-03 9.508479E-02 0.000000E+00
      4.000000E-01 8.770209E-02 7.984430E-04 1.421383E-03 8.548226E-02 0.000000E+00
      5.000000E-01 7.952350E-02 4.345623E-04 9.135974E-04 7.817535E-02 0.000000E+00
      6.000000E-01 7.325841E-02 2.721384E-04 6.358377E-04 7.235044E-02 0.000000E+00
      7.000000E-01 6.824323E-02 1.876022E-04 4.675818E-04 6.758804E-02 0.000000E+00
      8.000000E-01 6.413316E-02 1.382229E-04 3.582816E-04 6.363665E-02 0.000000E+00
      1.000000E+00 5.755262E-02 8.594595E-05 2.296099E-04 5.723706E-02 0.000000E+00
      1.250000E+00 5.142879E-02 5.546176E-05 1.471360E-04 5.118359E-02 4.260217E-05
      1.500000E+00 4.686818E-02 3.981519E-05 1.021963E-04 4.649899E-02 2.271814E-04
      2.000000E+00 4.066423E-02 2.472339E-05 5.750182E-05 3.969559E-02 8.864146E-04
      3.000000E+00 3.375508E-02 1.356395E-05 2.556665E-05 3.120555E-02 2.510397E-03
      4.000000E+00 3.013114E-02 9.203613E-06 1.438439E-05 2.603781E-02 4.069744E-03
      5.000000E+00 2.796591E-02 6.925973E-06 9.206237E-06 2.248193E-02 5.467852E-03
      6.000000E+00 2.659840E-02 5.536296E-06 6.393348E-06 1.986038E-02 6.726093E-03
      7.000000E+00 2.570530E-02 4.603717E-06 4.697233E-06 1.784445E-02 7.851553E-03
      8.000000E+00 2.512208E-02 3.936771E-06 3.596371E-06 1.624739E-02 8.867161E-03
      9.000000E+00 2.472098E-02 3.438475E-06 2.841614E-06 1.492600E-02 9.788701E-03
      1.000000E+01 2.446753E-02 3.050032E-06 2.301734E-06 1.383530E-02 1.062688E-02
Potassium            Num_atom =            1 Num_energy =           30
     Atomic number        Fraction by weight
                19                  1.000000
 Edge       Energy       Total Photoelectric     Coherent   Incoherent Pair_Product
               MeV       cm^2/g       cm^2/g       cm^2/g       cm^2/g       cm^2/g
      1.000000E-02 7.907676E+01 7.808048E+01 8.960253E-01 1.002507E-01 0.000000E+00
      1.500000E-02 2.503443E+01 2.436516E+01 5.505674E-01 1.187091E-01 0.000000E+00
      2.000000E-02 1.093592E+01 1.044283E+01 3.626702E-01 1.304194E-01 0.000000E+00
      3.000000E-02 3.414833E+00 3.081895E+00 1.916757E-01 1.412620E-01 0.000000E+00
      4.000000E-02 1.542016E+00 1.276153E+00 1.203737E-01 1.454892E-01 0.000000E+00
      5.000000E-02 8.688282E-01 6.394158E-01 8.299021E-02 1.464222E-01 0.000000E+00
      6.000000E-02 5.680697E-01 3.617211E-01 6.068009E-02 1.456684E-01 0.000000E+00
      7.000000E-02 4.135009E-01 2.231233E-01 4.622937E-02 1.441482E-01 0.000000E+00
      8.000000E-02 3.252920E-01 1.465316E-01 3.633262E-02 1.424278E-01 0.000000E+00
      1.000000E-01 2.346797E-01 7.257208E-02 2.414076E-02 1.379669E-01 0.000000E+00
      1.500000E-01 1.580362E-01 2.022543E-02 1.125323E-02 1.265576E-01 0.000000E+00
      2.000000E-01 1.317960E-01 8.261465E-03 6.479946E-03 1.170546E-01 0.000000E+00
      3.000000E-01 1.078372E-01 2.415010E-03 2.940749E-03 1.024814E-01 0.000000E+00
      4.000000E-01 9.487704E-02 1.055074E-03 1.669069E-03 9.215290E-02 0.000000E+00
      5.000000E-01 8.593288E-02 5.750955E-04 1.071878E-03 8.428591E-02 0.000000E+00
      6.000000E-01 7.910353E-02 3.603061E-04 7.462512E-04 7.799697E-02 0.000000E+00
      7.000000E-01 7.366816E-02 2.481323E-04 5.494255E-04 7.287060E-02 0.000000E+00
      8.000000E-01 6.922572E-02 1.829068E-04 4.208369E-04 6.862198E-02 0.000000E+00
      1.000000E+00 6.210755E-02 1.137819E-04 2.695314E-04 6.172424E-02 0.000000E+00
      1.250000E+00 5.549344E-02 7.343434E-05 1.726255E-04 5.519832E-02 4.905717E-05
      1.500000E+00 5.057893E-02 5.270706E-05 1.199500E-04 5.014612E-02 2.601493E-04
      2.000000E+00 4.392455E-02 3.267314E-05 6.753515E-05 4.281131E-02 1.013027E-03
      3.000000E+00 3.656546E-02 1.789834E-05 3.002566E-05 3.365625E-02 2.861282E-03
      4.000000E+00 3.274469E-02 1.213748E-05 1.689117E-05 2.808211E-02 4.633554E-03
      5.000000E+00 3.048770E-02 9.127507E-06 1.081121E-05 2.424765E-02 6.220110E-03
      6.000000E+00 2.908208E-02 7.292094E-06 7.508273E-06 2.142028E-02 7.647004E-03
      7.000000E+00 2.817935E-02 6.063078E-06 5.516442E-06 1.924645E-02 8.921320E-03
      8.000000E+00 2.760610E-02 5.186261E-06 4.223548E-06 1.752434E-02 1.007235E-02
      9.000000E+00 2.722313E-02 4.525119E-06 3.337140E-06 1.609862E-02 1.111665E-02
      1.000000E+01 2.699479E-02 4.016165E-06 2.703094E-06 1.492185E-02 1.206622E-02
Calcium              Num_atom =            1 Num_energy =           30
     Atomic number        Fraction by weight
                20                  1.000000
 Edge       Energy       Total Photoelectric     Coherent   Incoherent Pair_Product
               MeV       cm^2/g       cm^2/g       cm^2/g       cm^2/g       cm^2/g
      1.000000E-02 9.338958E+01 9.232620E+01 9.605786E-01 1.028007E-01 0.000000E+00
      1.500000E-02 2.980147E+01 2.908062E+01 6.000034E-01 1.208438E-01 0.000000E+00
      2.000000E-02 1.306398E+01 1.253275E+01 3.989220E-01 1.322993E-01 0.000000E+00
      3.000000E-02 4.081050E+00 3.725706E+00 2.109730E-01 1.443708E-01 0.000000E+00
      4.000000E-02 1.830890E+00 1.549702E+00 1.325157E-01 1.486727E-01 0.000000E+00
      5.000000E-02 1.019922E+00 7.787762E-01 9.145475E-02 1.496906E-01 0.000000E+00
      6.000000E-02 6.583040E-01 4.422756E-01 6.702606E-02 1.490023E-01 0.000000E+00
      7.000000E-02 4.717187E-01 2.730736E-01 5.112722E-02 1.475179E-01 0.000000E+00
      8.000000E-02 3.658689E-01 1.798305E-01 4.022042E-02 1.458180E-01 0.000000E+00
      1.000000E-01 2.573610E-01 8.926712E-02 2.675138E-02 1.413425E-01 0.000000E+00
      1.500000E-01 1.672513E-01 2.497967E-02 1.248902E-02 1.297826E-01 0.000000E+00
      2.000000E-01 1.375310E-01 1.022752E-02 7.198724E-03 1.201048E-01 0.000000E+00
      3.000000E-01 1.114583E-01 3.000544E-03 3.270540E-03 1.051872E-01 0.000000E+00
      4.000000E-01 9.777110E-02 1.312701E-03 1.856370E-03 9.460203E-02 0.000000E+00
      5.000000E-01 8.844023E-02 7.164130E-04 1.193801E-03 8.653001E-02 0.000000E+00
      6.000000E-01 8.137456E-02 4.491267E-04 8.311374E-04 8.009430E-02 0.000000E+00
      7.000000E-01 7.574983E-02 3.092817E-04 6.113405E-04 7.482921E-02 0.000000E+00
      8.000000E-01 7.115599E-02 2.281970E-04 4.685282E-04 7.045927E-02 0.000000E+00
      1.000000E+00 6.382054E-02 1.418285E-04 3.003620E-04 6.337835E-02 0.000000E+00
      1.250000E+00 5.701547E-02 9.152535E-05 1.924258E-04 5.667789E-02 5.362795E-05
      1.500000E+00 5.197254E-02 6.571018E-05 1.336630E-04 5.149098E-02 2.821891E-04
      2.000000E+00 4.517636E-02 4.070792E-05 7.521559E-05 4.396008E-02 1.100357E-03
      3.000000E+00 3.771178E-02 2.228240E-05 3.344805E-05 3.455908E-02 3.096973E-03
      4.000000E+00 3.387718E-02 1.507693E-05 1.881817E-05 2.883518E-02 5.008105E-03
      5.000000E+00 3.164048E-02 1.133816E-05 1.204404E-05 2.489949E-02 6.717603E-03
      6.000000E+00 3.026845E-02 9.055046E-06 8.364153E-06 2.199602E-02 8.255008E-03
      7.000000E+00 2.940396E-02 7.523489E-06 6.145238E-06 1.976326E-02 9.627036E-03
      8.000000E+00 2.887222E-02 6.432647E-06 4.705045E-06 1.799440E-02 1.086668E-02
      9.000000E+00 2.852978E-02 5.613220E-06 3.717633E-06 1.653042E-02 1.199003E-02
      1.000000E+01 2.834185E-02 4.977566E-06 3.011332E-06 1.532206E-02 1.301180E-02
Iron                 Num_atom =            1 Num_energy =           30
     Atomic number        Fraction by weight
                26                  1.000000
 Edge       Energy       Total Photoelectric     Coherent   Incoherent Pair_Product
               MeV       cm^2/g       cm^2/g       cm^2/g       cm^2/g       cm^2/g
      1.000000E-02 1.701963E+02 1.688826E+02 1.227788E+00 8.590316E-02 0.000000E+00
      1.500000E-02 5.707307E+01 5.617570E+01 7.923082E-01 1.050670E-01 0.000000E+00
      2.000000E-02 2.569026E+01 2.502601E+01 5.475766E-01 1.166692E-01 0.000000E+00
      3.000000E-02 8.180841E+00 7.755028E+00 2.965544E-01 1.292590E-01 0.000000E+00
      4.000000E-02 3.633341E+00 3.313205E+00 1.856448E-01 1.344916E-01 0.000000E+00
      5.000000E-02 1.959937E+00 1.696337E+00 1.274774E-01 1.361219E-01 0.000000E+00
      6.000000E-02 1.206160E+00 9.767081E-01 9.354818E-02 1.359034E-01 0.000000E+00
      7.000000E-02 8.167321E-01 6.101455E-01 7.166210E-02 1.349244E-01 0.000000E+00
      8.000000E-02 5.959120E-01 4.055923E-01 5.661558E-02 1.337042E-01 0.000000E+00
      1.000000E-01 3.721460E-01 2.041314E-01 3.792457E-02 1.300900E-01 0.000000E+00
      1.500000E-01 1.964724E-01 5.858880E-02 1.781345E-02 1.200702E-01 0.000000E+00
      2.000000E-01 1.460303E-01 2.433842E-02 1.029430E-02 1.113976E-01 0.000000E+00
      3.000000E-01 1.097644E-01 7.270106E-03 4.700170E-03 9.779411E-02 0.000000E+00
      4.000000E-01 9.393819E-02 3.212297E-03 2.674260E-03 8.805163E-02 0.000000E+00
      5.000000E-01 8.407536E-02 1.763627E-03 1.721015E-03 8.059072E-02 0.000000E+00
      6.000000E-01 7.692131E-02 1.110108E-03 1.199728E-03 7.461147E-02 0.000000E+00
      7.000000E-01 7.137536E-02 7.667260E-04 8.832832E-04 6.972535E-02 0.000000E+00
      8.000000E-01 6.691312E-02 5.653169E-04 6.769425E-04 6.567086E-02 0.000000E+00
      1.000000E+00 5.986756E-02 3.517751E-04 4.339701E-04 5.908181E-02 0.000000E+00
      1.250000E+00 5.342305E-02 2.271493E-04 2.782068E-04 5.284739E-02 7.030725E-05
      1.500000E+00 4.873026E-02 1.627912E-04 1.933366E-04 4.801613E-02 3.580062E-04
      2.000000E+00 4.257141E-02 1.004154E-04 1.087949E-04 4.099811E-02 1.364090E-03
      3.000000E+00 3.612868E-02 5.450088E-05 4.838029E-05 3.223385E-02 3.791944E-03
      4.000000E+00 3.304368E-02 3.672110E-05 2.722470E-05 2.689490E-02 6.084834E-03
      5.000000E+00 3.139409E-02 2.747234E-05 1.742476E-05 2.322472E-02 8.124477E-03
      6.000000E+00 3.050229E-02 2.188441E-05 1.210086E-05 2.051746E-02 9.950848E-03
      7.000000E+00 3.003973E-02 1.815974E-05 8.890638E-06 1.843517E-02 1.157751E-02
      8.000000E+00 2.985625E-02 1.549915E-05 6.807033E-06 1.678537E-02 1.304857E-02
      9.000000E+00 2.981644E-02 1.350189E-05 5.378493E-06 1.542016E-02 1.437740E-02
      1.000000E+01 2.989497E-02 1.196895E-05 4.356649E-06 1.429329E-02 1.558535E-02
Copper               Num_atom =            1 Num_energy =           30
     Atomic number        Fraction by weight
                29                  1.000000
 Edge       Energy       Total Photoelectric     Coherent   Incoherent Pair_Product
               MeV       cm^2/g       cm^2/g       cm^2/g       cm^2/g       cm^2/g
      1.000000E-02 2.155130E+02 2.141152E+02 1.319977E+00 7.778619E-02 0.000000E+00
      1.500000E-02 7.406509E+01 7.304524E+01 9.218388E-01 9.801158E-02 0.000000E+00
      2.000000E-02 3.380736E+01 3.305546E+01 6.413300E-01 1.105693E-01 0.000000E+00
      3.000000E-02 1.092042E+01 1.044451E+01 3.522606E-01 1.236534E-01 0.000000E+00
      4.000000E-02 4.868081E+00 4.517496E+00 2.209365E-01 1.296488E-01 0.000000E+00
      5.000000E-02 2.616283E+00 2.333456E+00 1.511303E-01 1.316971E-01 0.000000E+00
      6.000000E-02 1.594120E+00 1.351722E+00 1.106127E-01 1.317857E-01 0.000000E+00
      7.000000E-02 1.065088E+00 8.495173E-01 8.459396E-02 1.309764E-01 0.000000E+00
      8.000000E-02 7.635812E-01 5.668435E-01 6.687064E-02 1.298671E-01 0.000000E+00
      1.000000E-01 4.587638E-01 2.873946E-01 4.485291E-02 1.265163E-01 0.000000E+00
      1.500000E-01 2.217666E-01 8.344429E-02 2.112266E-02 1.171996E-01 0.000000E+00
      2.000000E-01 1.560003E-01 3.489843E-02 1.221452E-02 1.088873E-01 0.000000E+00
      3.000000E-01 1.117880E-01 1.051186E-02 5.581218E-03 9.569497E-02 0.000000E+00
      4.000000E-01 9.405176E-02 4.667198E-03 3.177688E-03 8.620688E-02 0.000000E+00
      5.000000E-01 8.354392E-02 2.570166E-03 2.046325E-03 7.892743E-02 0.000000E+00
      6.000000E-01 7.613893E-02 1.620546E-03 1.426983E-03 7.309140E-02 0.000000E+00
      7.000000E-01 7.047080E-02 1.120147E-03 1.050841E-03 6.829981E-02 0.000000E+00
      8.000000E-01 6.595070E-02 8.276248E-04 8.054888E-04 6.431759E-02 0.000000E+00
      1.000000E+00 5.892355E-02 5.147026E-04 5.165184E-04 5.789233E-02 0.000000E+00
      1.250000E+00 5.252931E-02 3.321552E-04 3.312166E-04 5.178574E-02 8.020279E-05
      1.500000E+00 4.792425E-02 2.381234E-04 2.301300E-04 4.705361E-02 4.023881E-04
      2.000000E+00 4.196476E-02 1.465127E-04 1.295119E-04 4.017812E-02 1.510614E-03
      3.000000E+00 3.589650E-02 7.929093E-05 5.760084E-05 3.159007E-02 4.169541E-03
      4.000000E+00 3.310787E-02 5.328144E-05 3.241500E-05 2.635921E-02 6.662963E-03
      5.000000E+00 3.169971E-02 3.981593E-05 2.074648E-05 2.276204E-02 8.877103E-03
      6.000000E+00 3.101155E-02 3.167737E-05 1.440778E-05 2.010875E-02 1.085671E-02
      7.000000E+00 3.072482E-02 2.624503E-05 1.058562E-05 1.806782E-02 1.262017E-02
      8.000000E+00 3.068330E-02 2.237654E-05 8.104818E-06 1.645077E-02 1.420205E-02
      9.000000E+00 3.077864E-02 1.948991E-05 6.403951E-06 1.511297E-02 1.563978E-02
      1.000000E+01 3.098331E-02 1.725795E-05 5.187304E-06 1.400872E-02 1.695214E-02
Molybdenum           Num_atom =            1 Num_energy =           32
     Atomic number        Fraction by weight
                42                  1.000000
 Edge       Energy       Total Photoelectric     Coherent   Incoherent Pair_Product
               MeV       cm^2/g       cm^2/g       cm^2/g       cm^2/g       cm^2/g
      1.000000E-02 8.568548E+01 8.337560E+01 2.242280E+00 6.760301E-02 0.000000E+00
      1.500000E-02 2.840304E+01 2.698788E+01 1.330987E+00 8.417619E-02 0.000000E+00
      2.000000E-02 8.029754E+01 7.953561E+01 6.660384E-01 9.588973E-02 0.000000E+00
      3.000000E-02 2.811391E+01 2.743494E+01 5.694762E-01 1.094910E-01 0.000000E+00
      4.000000E-02 1.294504E+01 1.245121E+01 3.772611E-01 1.165692E-01 0.000000E+00
      5.000000E-02 7.042600E+00 6.659100E+00 2.635719E-01 1.199278E-01 0.000000E+00
      6.000000E-02 4.278941E+00 3.964741E+00 1.931730E-01 1.210274E-01 0.000000E+00
      7.000000E-02 2.810891E+00 2.542588E+00 1.472690E-01 1.210343E-01 0.000000E+00
      8.000000E-02 1.963570E+00 1.726758E+00 1.162069E-01 1.206052E-01 0.000000E+00
      1.000000E-01 1.096127E+00 8.998433E-01 7.799522E-02 1.182880E-01 0.000000E+00
      1.500000E-01 4.207920E-01 2.731781E-01 3.713993E-02 1.104740E-01 0.000000E+00
      2.000000E-01 2.422120E-01 1.174839E-01 2.158292E-02 1.031452E-01 0.000000E+00
      3.000000E-01 1.376510E-01 3.666989E-02 9.891051E-03 9.109001E-02 0.000000E+00
      4.000000E-01 1.045193E-01 1.661956E-02 5.646129E-03 8.225362E-02 0.000000E+00
      5.000000E-01 8.831918E-02 9.270144E-03 3.642300E-03 7.540674E-02 0.000000E+00
      6.000000E-01 7.833850E-02 5.894868E-03 2.544250E-03 6.989938E-02 0.000000E+00
      7.000000E-01 7.133141E-02 4.095016E-03 1.874997E-03 6.536140E-02 0.000000E+00
      8.000000E-01 6.605286E-02 3.032084E-03 1.438564E-03 6.158222E-02 0.000000E+00
      1.000000E+00 5.827310E-02 1.889484E-03 9.239206E-04 5.545970E-02 0.000000E+00
      1.250000E+00 5.157664E-02 1.218891E-03 5.923458E-04 4.963138E-02 1.340258E-04
      1.500000E+00 4.702754E-02 8.706308E-04 4.116818E-04 4.510806E-02 6.371720E-04
      2.000000E+00 4.155563E-02 5.321397E-04 2.318646E-04 3.853045E-02 2.261176E-03
      3.000000E+00 3.666888E-02 2.843518E-04 1.032102E-04 3.030387E-02 5.977452E-03
      4.000000E+00 3.489684E-02 1.895248E-04 5.806586E-05 2.528998E-02 9.359272E-03
      5.000000E+00 3.433777E-02 1.406780E-04 3.716718E-05 2.183858E-02 1.232134E-02
      6.000000E+00 3.434138E-02 1.114153E-04 2.581340E-05 1.929426E-02 1.490989E-02
      7.000000E+00 3.467596E-02 9.192519E-05 1.896672E-05 1.733669E-02 1.722838E-02
      8.000000E+00 3.519138E-02 7.822753E-05 1.452257E-05 1.578548E-02 1.931315E-02
      9.000000E+00 3.578920E-02 6.795283E-05 1.147509E-05 1.450211E-02 2.120766E-02
      1.000000E+01 3.646149E-02 6.006057E-05 9.294890E-06 1.344276E-02 2.294937E-02
      1.996499E-02 1.280321E+01 1.204247E+01 6.649117E-01 9.582892E-02 0.000000E+00
42 K  1.996501E-02 8.054988E+01 7.978914E+01 6.649123E-01 9.582895E-02 0.000000E+00
Tin                  Num_atom =            1 Num_energy =           32
     Atomic number        Fraction by weight
                50                  1.000000
 Edge       Energy       Total Photoelectric     Coherent   Incoherent Pair_Product
               MeV       cm^2/g       cm^2/g       cm^2/g       cm^2/g       cm^2/g
      1.000000E-02 1.384106E+02 1.356344E+02 2.715183E+00 6.102248E-02 0.000000E+00
      1.500000E-02 4.657153E+01 4.477456E+01 1.719276E+00 7.769727E-02 0.000000E+00
      2.000000E-02 2.136634E+01 2.012267E+01 1.154927E+00 8.874170E-02 0.000000E+00
      3.000000E-02 4.089749E+01 4.024181E+01 5.540173E-01 1.016642E-01 0.000000E+00
      4.000000E-02 1.938794E+01 1.882975E+01 4.501032E-01 1.080843E-01 0.000000E+00
      5.000000E-02 1.070548E+01 1.026816E+01 3.258352E-01 1.114869E-01 0.000000E+00
      6.000000E-02 6.565575E+00 6.209097E+00 2.429061E-01 1.135720E-01 0.000000E+00
      7.000000E-02 4.337456E+00 4.036700E+00 1.866414E-01 1.141148E-01 0.000000E+00
      8.000000E-02 3.028741E+00 2.767187E+00 1.475436E-01 1.140110E-01 0.000000E+00
      1.000000E-01 1.676044E+00 1.464776E+00 9.909980E-02 1.121679E-01 0.000000E+00
      1.500000E-01 6.089018E-01 4.563591E-01 4.731619E-02 1.052265E-01 0.000000E+00
      2.000000E-01 3.255433E-01 1.994194E-01 2.760687E-02 9.851701E-02 0.000000E+00
      3.000000E-01 1.634467E-01 6.351663E-02 1.269044E-02 8.723958E-02 0.000000E+00
      4.000000E-01 1.152925E-01 2.916269E-02 7.247536E-03 7.888223E-02 0.000000E+00
      5.000000E-01 9.345705E-02 1.639549E-02 4.680406E-03 7.238115E-02 0.000000E+00
      6.000000E-01 8.086878E-02 1.047446E-02 3.270432E-03 6.712388E-02 0.000000E+00
      7.000000E-01 7.251416E-02 7.304779E-03 2.413309E-03 6.279607E-02 0.000000E+00
      8.000000E-01 6.646392E-02 5.420786E-03 1.852041E-03 5.919109E-02 0.000000E+00
      1.000000E+00 5.787831E-02 3.381814E-03 1.189975E-03 5.330652E-02 0.000000E+00
      1.250000E+00 5.083189E-02 2.179735E-03 7.635783E-04 4.771650E-02 1.720744E-04
      1.500000E+00 4.626174E-02 1.555146E-03 5.308020E-04 4.337630E-02 7.994964E-04
      2.000000E+00 4.103789E-02 9.470485E-04 2.990554E-04 3.705798E-02 2.733811E-03
      3.000000E+00 3.678223E-02 5.033716E-04 1.331455E-04 2.915004E-02 6.995670E-03
      4.000000E+00 3.554889E-02 3.338341E-04 7.491306E-05 2.432857E-02 1.081157E-02
      5.000000E+00 3.542451E-02 2.472751E-04 4.795364E-05 2.100944E-02 1.411984E-02
      6.000000E+00 3.577525E-02 1.952912E-04 3.330641E-05 1.856192E-02 1.698473E-02
      7.000000E+00 3.640949E-02 1.608865E-04 2.447329E-05 1.667903E-02 1.954510E-02
      8.000000E+00 3.718756E-02 1.364832E-04 1.873954E-05 1.518701E-02 2.184533E-02
      9.000000E+00 3.802606E-02 1.185661E-04 1.480688E-05 1.395193E-02 2.394076E-02
      1.000000E+01 3.891065E-02 1.045711E-04 1.199370E-05 1.293246E-02 2.586163E-02
      2.918399E-02 7.544639E+00 6.946015E+00 4.977803E-01 1.008440E-01 0.000000E+00
50 K  2.918401E-02 4.344809E+01 4.284947E+01 4.977800E-01 1.008440E-01 0.000000E+00
Lanthanum            Num_atom =            1 Num_energy =           32
     Atomic number        Fraction by weight
                57                  1.000000
 Edge       Energy       Total Photoelectric     Coherent   Incoherent Pair_Product
               MeV       cm^2/g       cm^2/g       cm^2/g       cm^2/g       cm^2/g
      1.000000E-02 1.967572E+02 1.936514E+02 3.046932E+00 5.890108E-02 0.000000E+00
      1.500000E-02 6.729535E+01 6.524158E+01 1.979719E+00 7.405318E-02 0.000000E+00
      2.000000E-02 3.114023E+01 2.967504E+01 1.380395E+00 8.479577E-02 0.000000E+00
      3.000000E-02 1.044613E+01 9.607629E+00 7.416544E-01 9.684513E-02 0.000000E+00
      4.000000E-02 2.567233E+01 2.514281E+01 4.257820E-01 1.037342E-01 0.000000E+00
      5.000000E-02 1.444536E+01 1.397218E+01 3.658884E-01 1.072893E-01 0.000000E+00
      6.000000E-02 8.961074E+00 8.570385E+00 2.817653E-01 1.089237E-01 0.000000E+00
      7.000000E-02 5.955663E+00 5.626255E+00 2.199319E-01 1.094757E-01 0.000000E+00
      8.000000E-02 4.176134E+00 3.891292E+00 1.752904E-01 1.095515E-01 0.000000E+00
      1.000000E-01 2.314451E+00 2.087926E+00 1.184690E-01 1.080561E-01 0.000000E+00
      1.500000E-01 8.232335E-01 6.648590E-01 5.668374E-02 1.016908E-01 0.000000E+00
      2.000000E-01 4.234135E-01 2.947674E-01 3.324214E-02 9.540393E-02 0.000000E+00
      3.000000E-01 1.954722E-01 9.548153E-02 1.532145E-02 8.466918E-02 0.000000E+00
      4.000000E-01 1.297472E-01 4.432295E-02 8.765618E-03 7.665866E-02 0.000000E+00
      5.000000E-01 1.011492E-01 2.509476E-02 5.669890E-03 7.038459E-02 0.000000E+00
      6.000000E-01 8.537700E-02 1.611662E-02 3.961154E-03 6.529923E-02 0.000000E+00
      7.000000E-01 7.530033E-02 1.127805E-02 2.923544E-03 6.109873E-02 0.000000E+00
      8.000000E-01 6.822974E-02 8.387161E-03 2.247203E-03 5.759538E-02 0.000000E+00
      1.000000E+00 5.858065E-02 5.237786E-03 1.443497E-03 5.189937E-02 0.000000E+00
      1.250000E+00 5.098106E-02 3.383584E-03 9.268064E-04 4.646123E-02 2.094444E-04
      1.500000E+00 4.627161E-02 2.416936E-03 6.452664E-04 4.224174E-02 9.676668E-04
      2.000000E+00 4.113146E-02 1.469519E-03 3.633255E-04 3.609430E-02 3.204313E-03
      3.000000E+00 3.728319E-02 7.775526E-04 1.617058E-04 2.839581E-02 7.948117E-03
      4.000000E+00 3.640256E-02 5.137901E-04 9.105049E-05 2.370030E-02 1.209742E-02
      5.000000E+00 3.658982E-02 3.792383E-04 5.829704E-05 2.046827E-02 1.568401E-02
      6.000000E+00 3.720226E-02 2.988735E-04 4.048696E-05 1.808362E-02 1.877928E-02
      7.000000E+00 3.805233E-02 2.459953E-04 2.974732E-05 1.624908E-02 2.152751E-02
      8.000000E+00 3.902811E-02 2.086499E-04 2.277649E-05 1.479542E-02 2.400126E-02
      9.000000E+00 4.004335E-02 1.807977E-04 1.799707E-05 1.359252E-02 2.625204E-02
      1.000000E+01 4.108810E-02 1.595097E-04 1.457824E-05 1.259961E-02 2.831440E-02
      3.894299E-02 5.098457E+00 4.608052E+00 3.872725E-01 1.031324E-01 0.000000E+00
57 K  3.894301E-02 2.735998E+01 2.686958E+01 3.872723E-01 1.031324E-01 0.000000E+00
Gadolinium           Num_atom =            1 Num_energy =           32
     Atomic number        Fraction by weight
                64                  1.000000
 Edge       Energy       Total Photoelectric     Coherent   Incoherent Pair_Product
               MeV       cm^2/g       cm^2/g       cm^2/g       cm^2/g       cm^2/g
      1.000000E-02 2.676540E+02 2.641776E+02 3.422564E+00 5.382515E-02 0.000000E+00
      1.500000E-02 9.334050E+01 9.092950E+01 2.342207E+00 6.879727E-02 0.000000E+00
      2.000000E-02 4.361636E+01 4.188716E+01 1.649463E+00 7.973434E-02 0.000000E+00
      3.000000E-02 1.478907E+01 1.377290E+01 9.231082E-01 9.306430E-02 0.000000E+00
      4.000000E-02 6.859339E+00 6.187263E+00 5.717871E-01 1.002892E-01 0.000000E+00
      5.000000E-02 3.730941E+00 3.307061E+00 3.197564E-01 1.041238E-01 0.000000E+00
      6.000000E-02 1.174828E+01 1.132608E+01 3.162095E-01 1.059925E-01 0.000000E+00
      7.000000E-02 7.900865E+00 7.539022E+00 2.550672E-01 1.067764E-01 0.000000E+00
      8.000000E-02 5.571976E+00 5.258395E+00 2.065141E-01 1.070669E-01 0.000000E+00
      1.000000E-01 3.107794E+00 2.860444E+00 1.413999E-01 1.059500E-01 0.000000E+00
      1.500000E-01 1.098784E+00 9.306923E-01 6.800120E-02 1.000905E-01 0.000000E+00
      2.000000E-01 5.528134E-01 4.187313E-01 4.001042E-02 9.407166E-02 0.000000E+00
      3.000000E-01 2.402286E-01 1.380316E-01 1.853222E-02 8.366478E-02 0.000000E+00
      4.000000E-01 1.511851E-01 6.474388E-02 1.061773E-02 7.582351E-02 0.000000E+00
      5.000000E-01 1.134711E-01 3.695016E-02 6.870119E-03 6.965080E-02 0.000000E+00
      6.000000E-01 9.329947E-02 2.385176E-02 4.806136E-03 6.464157E-02 0.000000E+00
      7.000000E-01 8.078503E-02 1.673503E-02 3.547883E-03 6.050212E-02 0.000000E+00
      8.000000E-01 7.225191E-02 1.247618E-02 2.727568E-03 5.704815E-02 0.000000E+00
      1.000000E+00 6.098031E-02 7.805922E-03 1.754226E-03 5.142016E-02 0.000000E+00
      1.250000E+00 5.246512E-02 5.040712E-03 1.126691E-03 4.604393E-02 2.537882E-04
      1.500000E+00 4.741998E-02 3.595898E-03 7.846939E-04 4.186600E-02 1.173392E-03
      2.000000E+00 4.217616E-02 2.181250E-03 4.421088E-04 3.577872E-02 3.774080E-03
      3.000000E+00 3.855003E-02 1.149794E-03 1.968460E-04 2.815181E-02 9.051576E-03
      4.000000E+00 3.794861E-02 7.575940E-04 1.108670E-04 2.349840E-02 1.358175E-02
      5.000000E+00 3.837894E-02 5.584512E-04 7.096852E-05 2.029451E-02 1.745501E-02
      6.000000E+00 3.921828E-02 4.392774E-04 4.928878E-05 1.793084E-02 2.079887E-02
      7.000000E+00 4.026503E-02 3.609141E-04 3.621533E-05 1.611218E-02 2.375572E-02
      8.000000E+00 4.142049E-02 3.054701E-04 2.772946E-05 1.467099E-02 2.641630E-02
      9.000000E+00 4.260275E-02 2.647589E-04 2.191115E-05 1.347847E-02 2.883761E-02
      1.000000E+01 4.380281E-02 2.331799E-04 1.774909E-05 1.249410E-02 3.105778E-02
      5.030299E-02 3.671377E+00 3.251236E+00 3.159388E-01 1.042023E-01 0.000000E+00
64 K  5.030301E-02 1.835216E+01 1.793202E+01 3.159388E-01 1.042023E-01 0.000000E+00
Tungsten             Num_atom =            1 Num_energy =           38
     Atomic number        Fraction by weight
                74                  1.000000
 Edge       Energy       Total Photoelectric     Coherent   Incoherent Pair_Product
               MeV       cm^2/g       cm^2/g       cm^2/g       cm^2/g       cm^2/g
      1.000000E-02 9.533936E+01 9.236812E+01 2.922973E+00 4.826586E-02 0.000000E+00
      1.500000E-02 1.381180E+02 1.352297E+02 2.825831E+00 6.246193E-02 0.000000E+00
      2.000000E-02 6.572646E+01 6.359264E+01 2.060702E+00 7.311841E-02 0.000000E+00
      3.000000E-02 2.270336E+01 2.142646E+01 1.189572E+00 8.732953E-02 0.000000E+00
      4.000000E-02 1.062877E+01 9.772398E+00 7.610075E-01 9.536112E-02 0.000000E+00
      5.000000E-02 5.901831E+00 5.283369E+00 5.187378E-01 9.972375E-02 0.000000E+00
      6.000000E-02 3.659234E+00 3.187180E+00 3.701083E-01 1.019457E-01 0.000000E+00
      7.000000E-02 1.088681E+01 1.054253E+01 2.412294E-01 1.030526E-01 0.000000E+00
      8.000000E-02 7.817370E+00 7.472399E+00 2.413384E-01 1.036325E-01 0.000000E+00
      1.000000E-01 4.429984E+00 4.153056E+00 1.739332E-01 1.029945E-01 0.000000E+00
      1.500000E-01 1.577450E+00 1.394070E+00 8.549055E-02 9.788858E-02 0.000000E+00
      2.000000E-01 7.830400E-01 6.401838E-01 5.059742E-02 9.225875E-02 0.000000E+00
      3.000000E-01 3.225362E-01 2.166467E-01 2.360263E-02 8.228687E-02 0.000000E+00
      4.000000E-01 1.915902E-01 1.033297E-01 1.356260E-02 7.469790E-02 0.000000E+00
      5.000000E-01 1.371408E-01 5.965394E-02 8.795352E-03 6.869154E-02 0.000000E+00
      6.000000E-01 1.087208E-01 3.877568E-02 6.155523E-03 6.378962E-02 0.000000E+00
      7.000000E-01 9.162381E-02 2.734363E-02 4.552231E-03 5.972794E-02 0.000000E+00
      8.000000E-01 8.024105E-02 2.040782E-02 3.500060E-03 5.633317E-02 0.000000E+00
      1.000000E+00 6.585332E-02 1.283488E-02 2.253295E-03 5.076514E-02 0.000000E+00
      1.250000E+00 5.557385E-02 8.305137E-03 1.450274E-03 4.549573E-02 3.227114E-04
      1.500000E+00 4.980198E-02 5.906036E-03 1.009272E-03 4.137630E-02 1.510376E-03
      2.000000E+00 4.419773E-02 3.576494E-03 5.696182E-04 3.536752E-02 4.684098E-03
      3.000000E+00 4.064589E-02 1.876518E-03 2.537825E-04 2.783395E-02 1.068164E-02
      4.000000E+00 4.029970E-02 1.231829E-03 1.428537E-04 2.323447E-02 1.569055E-02
      5.000000E+00 4.097103E-02 9.051876E-04 9.147654E-05 2.006810E-02 1.990627E-02
      6.000000E+00 4.204225E-02 7.104229E-04 6.355386E-05 1.772979E-02 2.353848E-02
      7.000000E+00 4.330911E-02 5.825888E-04 4.671033E-05 1.593187E-02 2.674794E-02
      8.000000E+00 4.467075E-02 4.925183E-04 3.576449E-05 1.450749E-02 2.963498E-02
      9.000000E+00 4.604740E-02 4.261804E-04 2.825912E-05 1.332827E-02 3.226469E-02
      1.000000E+01 4.742562E-02 3.749049E-04 2.289044E-05 1.235488E-02 3.467294E-02
      1.020599E-02 9.028681E+01 8.755650E+01 2.681385E+00 4.892251E-02 0.000000E+00
74 L3 1.020601E-02 2.327183E+02 2.299880E+02 2.681390E+00 4.892257E-02 0.000000E+00
      1.157299E-02 1.674726E+02 1.646193E+02 2.800139E+00 5.317263E-02 0.000000E+00
74 L2 1.157301E-02 2.303770E+02 2.275237E+02 2.800143E+00 5.317269E-02 0.000000E+00
      1.207699E-02 2.066661E+02 2.036715E+02 2.939931E+00 5.469625E-02 0.000000E+00
74 L1 1.207701E-02 2.385915E+02 2.355969E+02 2.939937E+00 5.469631E-02 0.000000E+00
      6.968899E-02 2.445260E+00 2.101748E+00 2.404808E-01 1.030315E-01 0.000000E+00
74 K  6.968901E-02 1.102922E+01 1.068571E+01 2.404808E-01 1.030315E-01 0.000000E+00
Lead                 Num_atom =            1 Num_energy =           38
     Atomic number        Fraction by weight
                82                  1.000000
 Edge       Energy       Total Photoelectric     Coherent   Incoherent Pair_Product
               MeV       cm^2/g       cm^2/g       cm^2/g       cm^2/g       cm^2/g
      1.000000E-02 1.298676E+02 1.255362E+02 4.285637E+00 4.572618E-02 0.000000E+00
      1.500000E-02 1.112670E+02 1.087064E+02 2.500973E+00 5.962159E-02 0.000000E+00
      2.000000E-02 8.599838E+01 8.365267E+01 2.275998E+00 6.970921E-02 0.000000E+00
      3.000000E-02 3.028683E+01 2.883700E+01 1.366645E+00 8.318285E-02 0.000000E+00
      4.000000E-02 1.432358E+01 1.333941E+01 8.928388E-01 9.132921E-02 0.000000E+00
      5.000000E-02 7.999749E+00 7.285292E+00 6.185474E-01 9.590986E-02 0.000000E+00
      6.000000E-02 4.978534E+00 4.428886E+00 4.513343E-01 9.831388E-02 0.000000E+00
      7.000000E-02 3.341545E+00 2.901726E+00 3.402491E-01 9.956998E-02 0.000000E+00
      8.000000E-02 2.370069E+00 2.009820E+00 2.599694E-01 1.002795E-01 0.000000E+00
      1.000000E-01 5.544361E+00 5.255423E+00 1.889905E-01 9.994719E-02 0.000000E+00
      1.500000E-01 2.007403E+00 1.813689E+00 9.830600E-02 9.540824E-02 0.000000E+00
      2.000000E-01 9.956817E-01 8.469678E-01 5.858916E-02 9.012474E-02 0.000000E+00
      3.000000E-01 4.011732E-01 2.930828E-01 2.753302E-02 8.055737E-02 0.000000E+00
      4.000000E-01 2.309257E-01 1.418189E-01 1.589242E-02 7.321437E-02 0.000000E+00
      5.000000E-01 1.602863E-01 8.260057E-02 1.031834E-02 6.736734E-02 0.000000E+00
      6.000000E-01 1.239290E-01 5.410311E-02 7.241709E-03 6.258414E-02 0.000000E+00
      7.000000E-01 1.022970E-01 3.832574E-02 5.354253E-03 5.861697E-02 0.000000E+00
      8.000000E-01 8.811458E-02 2.869355E-02 4.121287E-03 5.529974E-02 0.000000E+00
      1.000000E+00 7.062897E-02 1.810272E-02 2.658726E-03 4.986752E-02 0.000000E+00
      1.250000E+00 5.846137E-02 1.169312E-02 1.711330E-03 4.467882E-02 3.780969E-04
      1.500000E+00 5.195827E-02 8.324351E-03 1.193718E-03 4.063400E-02 1.806205E-03
      2.000000E+00 4.589502E-02 5.035269E-03 6.736127E-04 3.473701E-02 5.449129E-03
      3.000000E+00 4.220342E-02 2.631600E-03 3.005645E-04 2.734043E-02 1.193083E-02
      4.000000E+00 4.187588E-02 1.722934E-03 1.691787E-04 2.282427E-02 1.715950E-02
      5.000000E+00 4.263727E-02 1.263461E-03 1.083296E-04 1.971387E-02 2.155161E-02
      6.000000E+00 4.382715E-02 9.900813E-04 7.526022E-05 1.741688E-02 2.534493E-02
      7.000000E+00 4.520461E-02 8.107809E-04 5.531271E-05 1.565102E-02 2.868750E-02
      8.000000E+00 4.668234E-02 6.846515E-04 4.236171E-05 1.425210E-02 3.170323E-02
      9.000000E+00 4.816309E-02 5.919721E-04 3.347594E-05 1.309368E-02 3.444396E-02
      1.000000E+01 4.966423E-02 5.203579E-04 2.711598E-05 1.213746E-02 3.697930E-02
      1.303999E-02 6.552464E+01 6.301407E+01 2.455762E+00 5.481246E-02 0.000000E+00
82 L3 1.304001E-02 1.612059E+02 1.586953E+02 2.455763E+00 5.481251E-02 0.000000E+00
      1.525099E-02 1.063679E+02 1.038938E+02 2.413910E+00 6.021877E-02 0.000000E+00
82 L2 1.525101E-02 1.475715E+02 1.450974E+02 2.413908E+00 6.021882E-02 0.000000E+00
      1.584699E-02 1.337152E+02 1.311544E+02 2.499136E+00 6.162132E-02 0.000000E+00
82 L1 1.584701E-02 1.542220E+02 1.516612E+02 2.499140E+00 6.162136E-02 0.000000E+00
      8.828999E-02 1.821782E+00 1.531830E+00 1.898199E-01 1.001325E-01 0.000000E+00
82 K  8.829001E-02 7.505793E+00 7.215841E+00 1.898199E-01 1.001325E-01 0.000000E+00
Uranium              Num_atom =            1 Num_energy =           38
     Atomic number        Fraction by weight
                92                  1.000000
 Edge       Energy       Total Photoelectric     Coherent   Incoherent Pair_Product
               MeV       cm^2/g       cm^2/g       cm^2/g       cm^2/g       cm^2/g
      1.000000E-02 1.785753E+02 1.734815E+02 5.049440E+00 4.431049E-02 0.000000E+00
      1.500000E-02 6.456692E+01 6.144596E+01 3.063497E+00 5.745812E-02 0.000000E+00
      2.000000E-02 7.089775E+01 6.866524E+01 2.165584E+00 6.692237E-02 0.000000E+00
      3.000000E-02 4.116251E+01 3.955101E+01 1.532313E+00 7.918310E-02 0.000000E+00
      4.000000E-02 1.979279E+01 1.867372E+01 1.032493E+00 8.657689E-02 0.000000E+00
      5.000000E-02 1.116864E+01 1.034611E+01 7.314159E-01 9.111154E-02 0.000000E+00
      6.000000E-02 6.991473E+00 6.358322E+00 5.391686E-01 9.398229E-02 0.000000E+00
      7.000000E-02 4.710796E+00 4.203864E+00 4.114707E-01 9.546140E-02 0.000000E+00
      8.000000E-02 3.355594E+00 2.935393E+00 3.239145E-01 9.628630E-02 0.000000E+00
      1.000000E-01 1.914521E+00 1.606249E+00 2.120834E-01 9.618823E-02 0.000000E+00
      1.500000E-01 2.578597E+00 2.375352E+00 1.110922E-01 9.215320E-02 0.000000E+00
      2.000000E-01 1.290889E+00 1.135839E+00 6.770024E-02 8.734989E-02 0.000000E+00
      3.000000E-01 5.157238E-01 4.052295E-01 3.221897E-02 7.827528E-02 0.000000E+00
      4.000000E-01 2.898179E-01 1.998743E-01 1.870958E-02 7.123402E-02 0.000000E+00
      5.000000E-01 1.959402E-01 1.181420E-01 1.220089E-02 6.559734E-02 0.000000E+00
      6.000000E-01 1.476413E-01 7.808023E-02 8.580323E-03 6.098075E-02 0.000000E+00
      7.000000E-01 1.192265E-01 5.572157E-02 6.360871E-03 5.714406E-02 0.000000E+00
      8.000000E-01 1.007789E-01 4.194492E-02 4.902551E-03 5.393145E-02 0.000000E+00
      1.000000E+00 7.836555E-02 2.655154E-02 3.172150E-03 4.864186E-02 0.000000E+00
      1.250000E+00 6.326782E-02 1.716991E-02 2.045790E-03 4.360659E-02 4.455337E-04
      1.500000E+00 5.552401E-02 1.222432E-02 1.429242E-03 3.967162E-02 2.198827E-03
      2.000000E+00 4.855256E-02 7.378949E-03 8.080202E-04 3.392420E-02 6.441391E-03
      3.000000E+00 4.431880E-02 3.847281E-03 3.608321E-04 2.670749E-02 1.340320E-02
      4.000000E+00 4.382103E-02 2.510632E-03 2.033099E-04 2.229886E-02 1.880823E-02
      5.000000E+00 4.455640E-02 1.835701E-03 1.302883E-04 1.926134E-02 2.332907E-02
      6.000000E+00 4.575802E-02 1.435784E-03 9.054362E-05 1.701922E-02 2.721247E-02
      7.000000E+00 4.720231E-02 1.173691E-03 6.652887E-05 1.529401E-02 3.066808E-02
      8.000000E+00 4.873578E-02 9.899617E-04 5.094083E-05 1.392679E-02 3.376809E-02
      9.000000E+00 5.032905E-02 8.551895E-04 4.025279E-05 1.279495E-02 3.663866E-02
      1.000000E+01 5.189865E-02 7.511024E-04 3.260711E-05 1.186066E-02 3.925428E-02
      1.718199E-02 4.541056E+01 4.322197E+01 2.126676E+00 6.191702E-02 0.000000E+00
92 L3 1.718201E-02 1.049281E+02 1.027395E+02 2.126676E+00 6.191706E-02 0.000000E+00
      2.104399E-02 6.175048E+01 5.977404E+01 1.907992E+00 6.844415E-02 0.000000E+00
92 L2 2.104401E-02 8.655624E+01 8.457981E+01 1.907990E+00 6.844417E-02 0.000000E+00
      2.176799E-02 7.950461E+01 7.748692E+01 1.948220E+00 6.947488E-02 0.000000E+00
92 L1 2.176801E-02 9.148377E+01 8.946607E+01 1.948221E+00 6.947491E-02 0.000000E+00
      1.161099E-01 1.307884E+00 1.072528E+00 1.402316E-01 9.512473E-02 0.000000E+00
92 K  1.161101E-01 4.792484E+00 4.557128E+00 1.402313E-01 9.512472E-02 0.000000E+00
Water                Num_atom =            2 Num_energy =           30
     Atomic number        Fraction by weight
                 1                  0.111898
                 8                  0.888102
 Edge       Energy       Total Photoelectric     Coherent   Incoherent Pair_Product
               MeV       cm^2/g       cm^2/g       cm^2/g       cm^2/g       cm^2/g
      1.000000E-02 5.325652E+00 4.936492E+00 2.342366E-01 1.549238E-01 0.000000E+00
      1.500000E-02 1.672504E+00 1.367872E+00 1.345343E-01 1.700971E-01 0.000000E+00
      2.000000E-02 8.101583E-01 5.433080E-01 8.911872E-02 1.777316E-01 0.000000E+00
      3.000000E-02 3.757113E-01 1.457266E-01 4.693842E-02 1.830463E-01 0.000000E+00
      4.000000E-02 2.684358E-01 5.677208E-02 2.874671E-02 1.829170E-01 0.000000E+00
      5.000000E-02 2.269852E-01 2.722638E-02 1.934890E-02 1.804099E-01 0.000000E+00
      6.000000E-02 2.057027E-01 1.492268E-02 1.389882E-02 1.768812E-01 0.000000E+00
      7.000000E-02 1.925907E-01 8.970256E-03 1.045702E-02 1.731634E-01 0.000000E+00
      8.000000E-02 1.835552E-01 5.772067E-03 8.142600E-03 1.696405E-01 0.000000E+00
      1.000000E-01 1.706212E-01 2.762940E-03 5.333281E-03 1.625249E-01 0.000000E+00
      1.500000E-01 1.503329E-01 7.297803E-04 2.433873E-03 1.471692E-01 0.000000E+00
      2.000000E-01 1.369625E-01 2.888642E-04 1.383487E-03 1.352902E-01 0.000000E+00
      3.000000E-01 1.185236E-01 8.166582E-05 6.194331E-04 1.178225E-01 0.000000E+00
      4.000000E-01 1.060702E-01 3.497807E-05 3.492033E-04 1.056860E-01 0.000000E+00
      5.000000E-01 9.679964E-02 1.884981E-05 2.237548E-04 9.655703E-02 0.000000E+00
      6.000000E-01 8.947636E-02 1.173582E-05 1.555356E-04 8.930908E-02 0.000000E+00
      7.000000E-01 8.351925E-02 8.054675E-06 1.143645E-04 8.339683E-02 0.000000E+00
      8.000000E-01 7.859101E-02 5.923678E-06 8.760474E-05 7.849749E-02 0.000000E+00
      1.000000E+00 7.063604E-02 3.682913E-06 5.607683E-05 7.057628E-02 0.000000E+00
      1.250000E+00 6.315024E-02 2.361083E-06 3.589544E-05 6.309422E-02 1.776739E-05
      1.500000E+00 5.743430E-02 1.690296E-06 2.493095E-05 5.730948E-02 9.820186E-05
      2.000000E+00 4.932272E-02 1.063713E-06 1.402682E-05 4.891680E-02 3.908283E-04
      3.000000E+00 3.958688E-02 5.941779E-07 6.235040E-06 3.844941E-02 1.130643E-03
      4.000000E+00 3.394910E-02 4.078656E-07 3.507296E-06 3.207830E-02 1.866887E-03
      5.000000E+00 3.024108E-02 3.091725E-07 2.244711E-06 2.769810E-02 2.540423E-03
      6.000000E+00 2.762489E-02 2.486023E-07 1.558851E-06 2.446776E-02 3.155326E-03
      7.000000E+00 2.569422E-02 2.076694E-07 1.145294E-06 2.198376E-02 3.709103E-03
      8.000000E+00 2.422799E-02 1.780900E-07 8.768672E-07 2.001595E-02 4.210993E-03
      9.000000E+00 2.306113E-02 1.560263E-07 6.928341E-07 1.838773E-02 4.672548E-03
      1.000000E+01 2.213470E-02 1.386762E-07 5.611962E-07 1.704380E-02 5.090198E-03
Air                  Num_atom =            4 Num_energy =           30
     Atomic number        Fraction by weight
                 6                  0.000124
                 7                  0.755268
                 8                  0.231781
                18                  0.012827
 Edge       Energy       Total Photoelectric     Coherent   Incoherent Pair_Product
               MeV       cm^2/g       cm^2/g       cm^2/g       cm^2/g       cm^2/g
      1.000000E-02 5.117389E+00 4.759663E+00 2.259869E-01 1.317391E-01 0.000000E+00
      1.500000E-02 1.614016E+00 1.333922E+00 1.326815E-01 1.474127E-01 0.000000E+00
      2.000000E-02 7.783091E-01 5.341471E-01 8.808784E-02 1.560741E-01 0.000000E+00
      3.000000E-02 3.538508E-01 1.449722E-01 4.622040E-02 1.626581E-01 0.000000E+00
      4.000000E-02 2.485555E-01 5.697216E-02 2.826407E-02 1.633193E-01 0.000000E+00
      5.000000E-02 2.079776E-01 2.752148E-02 1.902542E-02 1.614307E-01 0.000000E+00
      6.000000E-02 1.873284E-01 1.516341E-02 1.366321E-02 1.585017E-01 0.000000E+00
      7.000000E-02 1.747426E-01 9.149931E-03 1.027895E-02 1.553137E-01 0.000000E+00
      8.000000E-02 1.661630E-01 5.907405E-03 8.000366E-03 1.522552E-01 0.000000E+00
      1.000000E-01 1.540536E-01 2.843549E-03 5.234197E-03 1.459759E-01 0.000000E+00
      1.500000E-01 1.353937E-01 7.603784E-04 2.385099E-03 1.322483E-01 0.000000E+00
      2.000000E-01 1.232610E-01 3.026602E-04 1.355277E-03 1.216030E-01 0.000000E+00
      3.000000E-01 1.066113E-01 8.608453E-05 6.065072E-04 1.059187E-01 0.000000E+00
      4.000000E-01 9.540459E-02 3.700972E-05 3.420879E-04 9.502549E-02 0.000000E+00
      5.000000E-01 8.705162E-02 1.999141E-05 2.191571E-04 8.681247E-02 0.000000E+00
      6.000000E-01 8.046119E-02 1.246300E-05 1.523073E-04 8.029642E-02 0.000000E+00
      7.000000E-01 7.510202E-02 8.561226E-06 1.119651E-04 7.498150E-02 0.000000E+00
      8.000000E-01 7.066928E-02 6.301800E-06 8.576235E-05 7.057722E-02 0.000000E+00
      1.000000E+00 6.351510E-02 3.916162E-06 5.491989E-05 6.345626E-02 0.000000E+00
      1.250000E+00 5.678607E-02 2.513902E-06 3.515894E-05 5.673059E-02 1.781401E-05
      1.500000E+00 5.165452E-02 1.799122E-06 2.441811E-05 5.152983E-02 9.848066E-05
      2.000000E+00 4.438729E-02 1.128551E-06 1.373712E-05 4.398064E-02 3.917814E-04
      3.000000E+00 3.570944E-02 6.279498E-07 6.106316E-06 3.457066E-02 1.132047E-03
      4.000000E+00 3.071271E-02 4.298681E-07 3.434942E-06 2.884260E-02 1.866246E-03
      5.000000E+00 2.744267E-02 3.254780E-07 2.198389E-06 2.490421E-02 2.535937E-03
      6.000000E+00 2.514860E-02 2.613361E-07 1.526673E-06 2.199969E-02 3.147120E-03
      7.000000E+00 2.346430E-02 2.180926E-07 1.121647E-06 1.976634E-02 3.696614E-03
      8.000000E+00 2.219380E-02 1.870163E-07 8.587650E-07 1.799709E-02 4.195661E-03
      9.000000E+00 2.118579E-02 1.636315E-07 6.785330E-07 1.653298E-02 4.651968E-03
      1.000000E+01 2.039205E-02 1.454234E-07 5.496134E-07 1.532452E-02 5.066838E-03
Concrete(Ordinary)   Num_atom =           10 Num_energy =           30
     Atomic number        Fraction by weight
                 1                  0.022100
                 6                  0.002484
                 8                  0.574930
                11                  0.015208
                12                  0.001266
                13                  0.019953
                14                  0.304627
                19                  0.010045
                20                  0.042951
                26                  0.006435
 Edge       Energy       Total Photoelectric     Coherent   Incoherent Pair_Product
               MeV       cm^2/g       cm^2/g       cm^2/g       cm^2/g       cm^2/g
      1.000000E-02 2.044367E+01 1.989106E+01 4.269517E-01 1.256666E-01 0.000000E+00
      1.500000E-02 6.351544E+00 5.961767E+00 2.465131E-01 1.432640E-01 0.000000E+00
      2.000000E-02 2.807428E+00 2.492962E+00 1.615840E-01 1.528817E-01 0.000000E+00
      3.000000E-02 9.604321E-01 7.140802E-01 8.555981E-02 1.607921E-01 0.000000E+00
      4.000000E-02 5.062240E-01 2.904445E-01 5.316837E-02 1.626111E-01 0.000000E+00
      5.000000E-02 3.414513E-01 1.436497E-01 3.618614E-02 1.616155E-01 0.000000E+00
      6.000000E-02 2.660175E-01 8.058012E-02 2.618163E-02 1.592558E-01 0.000000E+00
      7.000000E-02 2.255640E-01 4.930331E-02 1.979201E-02 1.564687E-01 0.000000E+00
      8.000000E-02 2.014024E-01 3.221069E-02 1.547795E-02 1.537137E-01 0.000000E+00
      1.000000E-01 1.737897E-01 1.580290E-02 1.020485E-02 1.477820E-01 0.000000E+00
      1.500000E-01 1.434016E-01 4.343024E-03 4.708863E-03 1.343497E-01 0.000000E+00
      2.000000E-01 1.281815E-01 1.758480E-03 2.693621E-03 1.237294E-01 0.000000E+00
      3.000000E-01 1.096354E-01 5.097090E-04 1.213724E-03 1.079120E-01 0.000000E+00
      4.000000E-01 9.776953E-02 2.213610E-04 6.864184E-04 9.686175E-02 0.000000E+00
      5.000000E-01 8.908124E-02 1.203904E-04 4.403313E-04 8.852052E-02 0.000000E+00
      6.000000E-01 8.227109E-02 7.532596E-05 3.063109E-04 8.188945E-02 0.000000E+00
      7.000000E-01 7.675473E-02 5.181191E-05 2.253335E-04 7.647758E-02 0.000000E+00
      8.000000E-01 7.220238E-02 3.821688E-05 1.726021E-04 7.199156E-02 0.000000E+00
      1.000000E+00 6.486917E-02 2.373360E-05 1.105259E-04 6.473491E-02 0.000000E+00
      1.250000E+00 5.798874E-02 1.529301E-05 7.076985E-05 5.787634E-02 2.633255E-05
      1.500000E+00 5.277591E-02 1.097825E-05 4.916051E-05 5.257226E-02 1.435069E-04
      2.000000E+00 4.547684E-02 6.835297E-06 2.766541E-05 4.487530E-02 5.670396E-04
      3.000000E+00 3.691537E-02 3.762965E-06 1.229873E-05 3.527441E-02 1.624898E-03
      4.000000E+00 3.209790E-02 2.558240E-06 6.918562E-06 2.942991E-02 2.658510E-03
      5.000000E+00 2.901290E-02 1.927971E-06 4.428052E-06 2.541183E-02 3.594711E-03
      6.000000E+00 2.689548E-02 1.542747E-06 3.075132E-06 2.244820E-02 4.442658E-03
      7.000000E+00 2.537585E-02 1.284435E-06 2.259321E-06 2.016931E-02 5.202998E-03
      8.000000E+00 2.425789E-02 1.098898E-06 1.729802E-06 1.836397E-02 5.891095E-03
      9.000000E+00 2.339186E-02 9.603090E-07 1.366763E-06 1.687014E-02 6.519392E-03
      1.000000E+01 2.272922E-02 8.520782E-07 1.107083E-06 1.563713E-02 7.090125E-03
Concrete(Barite)     Num_atom =            9 Num_energy =           32
     Atomic number        Fraction by weight
                 1                  0.003585
                 8                  0.311622
                12                  0.001195
                13                  0.004183
                14                  0.010457
                16                  0.107858
                20                  0.050194
                26                  0.047505
                56                  0.463400
 Edge       Energy       Total Photoelectric     Coherent   Incoherent Pair_Product
               MeV       cm^2/g       cm^2/g       cm^2/g       cm^2/g       cm^2/g
      1.000000E-02 1.067479E+02 1.049941E+02 1.662567E+00 9.115915E-02 0.000000E+00
      1.500000E-02 3.600072E+01 3.483104E+01 1.062058E+00 1.076149E-01 0.000000E+00
      2.000000E-02 1.652414E+01 1.567349E+01 7.328097E-01 1.178409E-01 0.000000E+00
      3.000000E-02 5.512637E+00 4.995197E+00 3.893883E-01 1.280513E-01 0.000000E+00
      4.000000E-02 1.180925E+01 1.143085E+01 2.459367E-01 1.324671E-01 0.000000E+00
      5.000000E-02 6.664447E+00 6.339175E+00 1.914981E-01 1.337736E-01 0.000000E+00
      6.000000E-02 4.144572E+00 3.865669E+00 1.454896E-01 1.334138E-01 0.000000E+00
      7.000000E-02 2.778904E+00 2.533699E+00 1.128926E-01 1.323130E-01 0.000000E+00
      8.000000E-02 1.967363E+00 1.746703E+00 8.966667E-02 1.309928E-01 0.000000E+00
      1.000000E-01 1.121713E+00 9.340506E-01 6.036880E-02 1.272938E-01 0.000000E+00
      1.500000E-01 4.419538E-01 2.957483E-01 2.877590E-02 1.174297E-01 0.000000E+00
      2.000000E-01 2.565693E-01 1.307501E-01 1.681468E-02 1.090046E-01 0.000000E+00
      3.000000E-01 1.456860E-01 4.217190E-02 7.736751E-03 9.577732E-02 0.000000E+00
      4.000000E-01 1.102219E-01 1.951902E-02 4.421695E-03 8.628117E-02 0.000000E+00
      5.000000E-01 9.289432E-02 1.103460E-02 2.854282E-03 7.900544E-02 0.000000E+00
      6.000000E-01 8.225430E-02 7.084066E-03 1.995364E-03 7.317487E-02 0.000000E+00
      7.000000E-01 7.481110E-02 4.945745E-03 1.471135E-03 6.839422E-02 0.000000E+00
      8.000000E-01 6.922359E-02 3.672052E-03 1.129731E-03 6.442181E-02 0.000000E+00
      1.000000E+00 6.100515E-02 2.297878E-03 7.260786E-04 5.798119E-02 0.000000E+00
      1.250000E+00 5.392934E-02 1.486276E-03 4.657583E-04 5.186666E-02 1.106459E-04
      1.500000E+00 4.903950E-02 1.060301E-03 3.240362E-04 4.713128E-02 5.238799E-04
      2.000000E+00 4.287369E-02 6.450922E-04 1.826243E-04 4.024929E-02 1.796689E-03
      3.000000E+00 3.667489E-02 3.418419E-04 8.123909E-05 3.164914E-02 4.602678E-03
      4.000000E+00 3.380852E-02 2.261441E-04 4.572572E-05 2.640955E-02 7.127108E-03
      5.000000E+00 3.233437E-02 1.669445E-04 2.927834E-05 2.280559E-02 9.332555E-03
      6.000000E+00 3.155971E-02 1.316246E-04 2.033578E-05 2.014730E-02 1.126044E-02
      7.000000E+00 3.120527E-02 1.083960E-04 1.494115E-05 1.810275E-02 1.297918E-02
      8.000000E+00 3.111275E-02 9.194543E-05 1.143969E-05 1.648286E-02 1.452650E-02
      9.000000E+00 3.116495E-02 7.967818E-05 9.039030E-06 1.514232E-02 1.593391E-02
      1.000000E+01 3.133484E-02 7.033603E-05 7.321807E-06 1.403582E-02 1.722136E-02
      3.744899E-02 3.010082E+00 2.653031E+00 2.254914E-01 1.315596E-01 0.000000E+00
56 K  3.744901E-02 1.391841E+01 1.356136E+01 2.254913E-01 1.315596E-01 0.000000E+00
Glass(Lead)          Num_atom =            5 Num_energy =           40
     Atomic number        Fraction by weight
                 8                  0.156453
                14                  0.080866
                22                  0.008092
                33                  0.002651
                82                  0.751938
 Edge       Energy       Total Photoelectric     Coherent   Incoherent Pair_Product
               MeV       cm^2/g       cm^2/g       cm^2/g       cm^2/g       cm^2/g
      1.000000E-02 1.023272E+02 9.893481E+01 3.328010E+00 6.437223E-02 0.000000E+00
      1.500000E-02 8.533989E+01 8.331898E+01 1.941717E+00 7.919605E-02 0.000000E+00
      2.000000E-02 6.541149E+01 6.357060E+01 1.751683E+00 8.920886E-02 0.000000E+00
      3.000000E-02 2.302934E+01 2.187894E+01 1.049031E+00 1.013628E-01 0.000000E+00
      4.000000E-02 1.090354E+01 1.011089E+01 6.846576E-01 1.079891E-01 0.000000E+00
      5.000000E-02 6.103663E+00 5.518288E+00 4.741536E-01 1.112217E-01 0.000000E+00
      6.000000E-02 3.811363E+00 3.352972E+00 3.459174E-01 1.124734E-01 0.000000E+00
      7.000000E-02 2.569463E+00 2.195919E+00 2.607920E-01 1.127520E-01 0.000000E+00
      8.000000E-02 1.832426E+00 1.520452E+00 1.993495E-01 1.126245E-01 0.000000E+00
      1.000000E-01 4.211910E+00 3.956302E+00 1.446607E-01 1.109472E-01 0.000000E+00
      1.500000E-01 1.544440E+00 1.365052E+00 7.509788E-02 1.042899E-01 0.000000E+00
      2.000000E-01 7.798630E-01 6.373865E-01 4.472928E-02 9.774727E-02 0.000000E+00
      3.000000E-01 3.282621E-01 2.205324E-01 2.100686E-02 8.672280E-02 0.000000E+00
      4.000000E-01 1.973517E-01 1.067057E-01 1.212192E-02 7.852418E-02 0.000000E+00
      5.000000E-01 1.421229E-01 6.214690E-02 7.868971E-03 7.210701E-02 0.000000E+00
      6.000000E-01 1.131307E-01 4.070502E-02 5.521996E-03 6.690369E-02 0.000000E+00
      7.000000E-01 9.552606E-02 2.883431E-02 4.082484E-03 6.260927E-02 0.000000E+00
      8.000000E-01 8.375741E-02 2.158738E-02 3.142167E-03 5.902786E-02 0.000000E+00
      1.000000E+00 6.883094E-02 1.361934E-02 2.026869E-03 5.318473E-02 0.000000E+00
      1.250000E+00 5.801373E-02 8.797151E-03 1.304533E-03 4.762115E-02 2.908880E-04
      1.500000E+00 5.186096E-02 6.262731E-03 9.099110E-04 4.329436E-02 1.393959E-03
      2.000000E+00 4.553541E-02 3.788279E-03 5.134424E-04 3.699501E-02 4.238686E-03
      3.000000E+00 4.069130E-02 1.979933E-03 2.290855E-04 2.910658E-02 9.375693E-03
      4.000000E+00 3.928383E-02 1.296307E-03 1.289443E-04 2.429439E-02 1.356419E-02
      5.000000E+00 3.911435E-02 9.506213E-04 8.256594E-05 2.098183E-02 1.709933E-02
      6.000000E+00 3.950089E-02 7.449405E-04 5.736104E-05 1.853644E-02 2.016214E-02
      7.000000E+00 4.017284E-02 6.100399E-04 4.215747E-05 1.665637E-02 2.286428E-02
      8.000000E+00 4.101705E-02 5.151429E-04 3.228653E-05 1.516697E-02 2.530265E-02
      9.000000E+00 4.192434E-02 4.454121E-04 2.551407E-05 1.393390E-02 2.751951E-02
      1.000000E+01 4.289575E-02 3.915303E-04 2.066675E-05 1.291609E-02 2.956747E-02
      1.182899E-02 6.652407E+01 6.384939E+01 2.604126E+00 7.054705E-02 0.000000E+00
33 K  1.182901E-02 6.693367E+01 6.425901E+01 2.604118E+00 7.054711E-02 0.000000E+00
      1.303999E-02 5.176232E+01 4.976743E+01 1.920688E+00 7.419908E-02 0.000000E+00
82 L3 1.304001E-02 1.237087E+02 1.217138E+02 1.920689E+00 7.419913E-02 0.000000E+00
      1.525099E-02 8.157908E+01 7.962442E+01 1.874849E+00 7.981269E-02 0.000000E+00
82 L2 1.525101E-02 1.125616E+02 1.106070E+02 1.874847E+00 7.981275E-02 0.000000E+00
      1.584699E-02 1.019783E+02 9.996130E+01 1.935763E+00 8.125781E-02 0.000000E+00
82 L1 1.584701E-02 1.173982E+02 1.153811E+02 1.935766E+00 8.125785E-02 0.000000E+00
      8.828999E-02 1.416409E+00 1.158579E+00 1.459542E-01 1.118762E-01 0.000000E+00
82 K  8.829001E-02 5.690433E+00 5.432603E+00 1.459542E-01 1.118762E-01 0.000000E+00
