Flux to Exposure Conversion Coefficient:
Num_energy =      36
 1.000E-03 1.704E+01
 1.500E-03 8.436E+00
 2.000E-03 4.982E+00
 3.000E-03 2.292E+00
 4.000E-03 1.446E+00
 5.000E-03 9.305E-01
 6.000E-03 6.448E-01
 8.000E-03 3.577E-01
 1.000E-02 2.245E-01
 1.500E-02 9.473E-02
 2.000E-02 5.102E-02
 3.000E-02 2.183E-02
 4.000E-02 1.294E-02
 5.000E-02 9.700E-03
 6.000E-02 8.638E-03
 8.000E-02 9.116E-03
 1.000E-01 1.101E-02
 1.500E-01 1.772E-02
 2.000E-01 2.530E-02
 3.000E-01 4.079E-02
 4.000E-01 5.584E-02
 5.000E-01 7.021E-02
 6.000E-01 8.388E-02
 8.000E-01 1.091E-01
 1.000E+00 1.320E-01
 1.250E+00 1.578E-01
 1.500E+00 1.809E-01
 2.000E+00 2.220E-01
 3.000E+00 2.921E-01
 4.000E+00 3.541E-01
 5.000E+00 4.119E-01
 6.000E+00 4.678E-01
 8.000E+00 5.775E-01
 1.000E+01 6.864E-01
 1.500E+01 9.608E-01
 2.000E+01 1.241E+00
Flux to Effective-Dose Conversion Coefficient:
Num_energy =      39
 1.000E-02 2.880E-02
 1.500E-02 5.600E-02
 2.000E-02 8.130E-02
 3.000E-02 1.270E-01
 4.000E-02 1.580E-01
 5.000E-02 1.800E-01
 6.000E-02 1.980E-01
 7.000E-02 2.180E-01
 8.000E-02 2.380E-01
 1.000E-01 2.860E-01
 1.500E-01 4.290E-01
 2.000E-01 5.890E-01
 3.000E-01 9.320E-01
 4.000E-01 1.280E+00
 5.000E-01 1.630E+00
 5.110E-01 1.660E+00
 6.000E-01 1.970E+00
 6.620E-01 2.170E+00
 8.000E-01 2.620E+00
 1.000E+00 3.250E+00
 1.117E+00 3.600E+00
 1.330E+00 4.210E+00
 1.500E+00 4.670E+00
 2.000E+00 5.910E+00
 3.000E+00 8.080E+00
 4.000E+00 1.000E+01
 5.000E+00 1.180E+01
 6.000E+00 1.350E+01
 6.129E+00 1.370E+01
 8.000E+00 1.660E+01
 1.000E+01 1.970E+01
 1.500E+01 2.680E+01
 2.000E+01 3.380E+01
 3.000E+01 4.610E+01
 4.000E+01 5.690E+01
 5.000E+01 6.610E+01
 6.000E+01 7.410E+01
 8.000E+01 8.710E+01
 1.000E+02 9.750E+01
